################################################################################
# Symmetry function scaling data.
################################################################################
# Col  Name     Description
################################################################################
# 1    e_index  Element index.
# 2    sf_index Symmetry function index.
# 3    sf_min   Symmetry function minimum.
# 4    sf_max   Symmetry function maximum.
# 5    sf_mean  Symmetry function mean.
# 6    sf_sigma Symmetry function sigma.
#########################################################################################################################
#        1          2                        3                        4                        5                        6
#  e_index   sf_index                   sf_min                   sf_max                  sf_mean                 sf_sigma
#########################################################################################################################
         1          1   1.4087154736655106E-02   8.6951195661982872E-01   2.5878840357190513E-01   1.6126350141899007E-01
         1          2   8.3275755024931758E-03   6.9581752895973881E-01   2.2683405647032442E-01   5.4265845896463182E-02
         1          3   1.7656498406371884E-02   6.1832247658427775E-01   1.9182858015897625E-01   4.7632313288303307E-02
         1          4   2.3827431861008299E-02   4.8082642598668257E-01   1.9552183813774354E-01   4.0644612164487524E-02
         1          5   1.5425249027878526E-06   2.7051167740499271E-01   1.7781078647534195E-02   1.4118839692215050E-02
         1          6   5.3429945913588850E-04   8.5232851971597512E-01   2.2668761056276412E-01   8.7147394311066328E-02
         1          7   1.8162140592905768E-03   7.9552200586185751E-01   2.4388056259043905E-01   7.1460051054392154E-02
         1          8   3.1338142010743724E-03   7.3440230463807277E-01   1.8657424870503628E-01   8.1804309752252710E-02
         1          9   1.7488884365594490E-11   1.2654824739484719E-01   1.3267746565520668E-03   2.1473011094875274E-03
         1         10   2.4409725746718678E-10   1.0288214537684894E-01   2.5858730499522191E-02   2.0309914480515508E-02
         1         11   6.9799264504026341E-10   1.3819026260745015E-01   1.8992002801459570E-02   2.7693610973446556E-02
         1         12   9.4031788244689808E-03   2.5503435804924796E-01   9.6202141736166827E-02   2.1279845914582530E-02
         1         13   9.3788399409828350E-03   2.1833610937156028E-01   6.0732728388575172E-02   1.6876165339290729E-02
         1         14   9.9936214884224928E-03   1.7336160415978114E-01   8.2525094009429728E-02   2.5086039414263260E-02
         1         15   1.1213915613510865E-02   6.9816206115771129E-01   1.9508659059149511E-01   1.4955049904708467E-01
         1         16   2.4242576215419273E-01   1.9673753550550819E+00   7.6200059977161128E-01   1.3390654727909107E-01
         1         17   3.0531347588122965E-01   1.6240828253800654E+00   8.3719035539022646E-01   1.5098180556371452E-01
         1         18   1.0802709628892773E-01   7.8786106837502168E-01   3.4155270832715318E-01   5.0885060202437375E-02
         1         19   5.1196507469905235E-02   5.6303183537086698E-01   2.0953819804440171E-01   5.2521018995046298E-02
         1         20   6.0160142456960386E-02   5.3535369134882183E-01   2.1185904073443670E-01   3.9123266600016429E-02
         1         21   1.1489668811347767E-06   1.9220209676922198E-01   6.2545876204694609E-02   4.3859192480538198E-02
         1         22   1.4536273185394577E-01   1.0146556727821703E+00   4.0310068644750296E-01   7.8078650920176559E-02
         1         23   1.9737918904732848E-01   1.7946630944324184E+00   7.4285997105837032E-01   1.3541512320406135E-01
         1         24   5.5981571665382167E-02   1.4147312538073407E+00   4.7749241766445216E-01   1.3714364396513182E-01
         1         25   1.3856515257367702E-01   1.2132156191279737E+00   5.4153584634385354E-01   1.3261005879797833E-01
         1         26   1.1890841834395551E+00   5.0120456926160610E+00   2.4140966780542188E+00   2.9431879131965782E-01
         1         27   3.8452523991507004E-01   1.6468683050005117E+00   7.5976312813671398E-01   9.6275970374056691E-02
         1         28   2.3432435881102953E-01   1.1289678158656711E+00   5.2609116958852709E-01   8.3461527798257981E-02
         1         29   2.3672627416562950E-01   1.1039684446472311E+00   5.2071332680603022E-01   7.0450571046656238E-02
         1         30   6.2344037193520208E-01   3.2259417299118072E+00   1.4926498524475156E+00   1.9018336734455613E-01
         1         31   3.6133121959197817E-01   2.1881669833772630E+00   9.7558020165644399E-01   1.4372112098454484E-01
         1         32   3.5738547555921091E-01   2.1240144249664352E+00   9.7360994279694113E-01   1.3685753341398191E-01
         1         33   1.3182371292229576E-07   1.8830536503464679E-01   3.2706381943631839E-02   4.6417035414906146E-02
         1         34   4.8303266135713263E-01   3.9428296062116859E+00   1.5910197250253630E+00   2.6710271450399653E-01
         1         35   3.6726982331773117E-09   1.7685161097054342E-02   1.9543952666530351E-04   4.4182170679142862E-04
         1         36   4.6475713780052775E-07   2.6929096930004479E-02   2.1849388390132005E-03   1.7002342317213469E-03
         1         37   1.9435134014389341E-06   3.5564149579181470E-02   8.1309526245812620E-04   1.2728107525469435E-03
         1         38   6.4058149513665436E-06   1.5837610581598036E-02   1.0009755373425529E-03   7.1673822135078793E-04
         1         39   3.4192112931042775E-08   1.4706323507873447E-02   9.7101036305850710E-04   1.4976329589528933E-03
         1         40   2.2110399203908156E-10   1.0257797402096322E-02   7.3426834416579883E-05   1.9395725488112380E-04
         1         41   9.4370407440553833E-07   8.6604649745187275E-03   3.2501348889554858E-04   3.2052044528398441E-04
         1         42   7.5633594234302426E-08   7.5137347251157576E-03   4.1874997868278862E-04   5.2047935619607569E-04
         1         43   4.7947954229844862E-10   8.0293118812476798E-03   1.2296915647912209E-04   2.5615169010037803E-04
         1         44   1.6529383633445852E-08   1.6297529769974128E-02   1.0230211881171938E-04   2.9538694793582729E-04
         1         45   8.4177879693830124E-14   4.8934757450225658E-03   1.9897799581241820E-05   8.3482283466699140E-05
         1         46   2.9021777597956998E-08   8.1418018246565294E-03   1.3297481137917289E-04   1.9029849437013650E-04
         1         47   3.0769069991814305E-08   1.6970740598104245E-02   2.7442770358964308E-04   5.6669021135633988E-04
         1         48   5.3394444369029743E-06   4.3871879986152343E-02   8.0445290205732774E-03   5.6173618187556340E-03
         1         49   2.6021154655975922E-08   1.8420296228808190E-02   4.4360326114279789E-03   3.1207292903058475E-03
         1         50   4.1671479607233744E-08   3.4214704550603438E-03   2.0710625266051074E-04   2.4298729013713828E-04
         1         51   6.6945969740574929E-06   5.7218893132736690E-02   1.2071080995354159E-03   2.5394503638828257E-03
         1         52   1.6061499426538877E-08   6.5398424590920653E-03   2.9792224859306990E-04   4.2067326384585146E-04
         1         53   5.0477874587817016E-11   5.3319754662496674E-03   1.1585858768449043E-04   1.2335430079477046E-04
         1         54   2.5995390113308789E-13   2.5317490339860421E-03   7.7472922023119976E-06   3.7858652827427583E-05
         1         55   2.6521174953817801E-08   1.2065343545635921E-02   9.1686729730005483E-05   3.0587967376814507E-04
         1         56   1.1431213950163282E-07   4.0520743071409257E-03   1.7001686459036043E-04   2.0720603399776078E-04
         1         57   3.7636156289939786E-10   1.8701159237643780E-03   7.0166939132640027E-05   1.1025116091648738E-04
         1         58   7.4103288341757475E-10   4.6096917238837160E-03   9.2841476731524890E-05   1.1701692387699474E-04
         1         59   1.6162723733533628E-08   2.6558978670946673E-03   3.5967533529653687E-05   5.4848398399824416E-05
         1         60   4.5430091924636400E-15   1.2015782943103344E-03   1.4219619282388430E-06   1.1263803838538351E-05
         1         61   9.8291736281969435E-12   2.9212827820858612E-03   1.3145807311567976E-05   4.6787702207652958E-05
         1         62   1.3542477710507628E-10   7.2955992671583023E-03   1.2034887067922932E-05   7.2810591756939947E-05
         1         63   4.2144693302970202E-10   2.5473880321080847E-03   1.0088415257539870E-05   3.0729715519469293E-05
         1         64   1.8504669443014467E-07   1.7968341158580977E-02   2.1361233293324173E-04   8.4832921571214041E-04
         1         65   5.0566665948450301E-08   5.4418669451768171E-03   8.5367199687555689E-04   1.0338805114730168E-03
         1         66   1.4486407753667163E-10   4.4259982301663407E-04   1.9745766617758605E-05   2.8578532707765679E-05
         1         67   7.1190219298828856E-15   1.4261260571425455E-03   1.0261595737780707E-06   1.0682864003564173E-05
         1         68   1.5221702494650317E-11   3.4143179942166353E-03   1.2639241589643539E-04   1.3232405322422379E-04
         1         69   1.2926615971324173E-10   3.8206895039597385E-03   1.1072144535779819E-05   7.9237384147700914E-05
         1         70   5.1518211686856070E-15   9.3138202604186064E-04   4.1325131324776128E-05   3.8797675296330941E-05
         1         71   1.9019008127956374E-12   1.7363581041959257E-03   1.7132457463799756E-05   2.4689964514613550E-05
         1         72   8.1634946687340239E-12   3.2188828668782933E-03   3.5658265250108575E-06   3.0682013118094490E-05
         1         73   1.5289784357254008E-09   1.0248504837818936E-02   4.9127928488597841E-05   3.6010197112991296E-04
         1         74   1.5132439035915154E-13   1.2645107588254932E-04   2.8559893213385163E-06   5.0229143789949148E-06
         1         75   2.2388888178392073E-18   2.8951072915835765E-04   8.2387675837695688E-08   1.5379659841652568E-06
         1         76   5.5286780992804611E-18   2.8759707461036851E-04   2.1548361777710306E-07   1.8619946357677787E-06
         1         77   3.8601436143122791E-16   5.7716111314001697E-04   1.0618886900482735E-05   2.4117229384808667E-05
         1         78   4.9740878550735192E-14   1.0904221859889260E-03   1.4128519388984946E-06   1.3458023759162769E-05
         1         79   7.9229104892530700E-14   4.5968663271191582E-05   1.2180458648800244E-06   2.0148474470351828E-06
         1         80   2.0674376463753236E-16   6.0502154531673032E-04   1.1526429495273718E-05   1.6179944854445124E-05
         1         81   1.3957733494708700E-21   1.3261446496671734E-04   1.2344572655748274E-06   1.5934345097594741E-06
         1         82   2.5475470682222629E-14   1.7354195748560202E-04   1.4757255288293827E-06   3.3782843930751080E-06
         1         83   7.3573587749121431E-20   9.5258692530753655E-06   3.3682932350223000E-08   1.0708936752255636E-07
         1         84   1.9235411069258898E-22   5.5946241171999915E-05   6.0536767169392944E-09   2.0430890949694681E-07
         1         85   1.2533078093280334E-17   3.0217110200461721E-04   1.4146388352046261E-06   2.6718466939092668E-06
         1         86   1.5039312658206697E-16   4.5493496686709522E-04   1.7786154475066608E-07   3.0747400136116058E-06
         1         87   1.2886822798325347E-22   3.7911738223407693E-05   1.8369351821622904E-07   3.3540055065839689E-07
         1         88   3.6917334940949721E-15   5.4555250438651623E-05   1.9906733811860370E-07   5.9907962758683132E-07
         1         89   5.1348897823452666E-20   3.9768510312010771E-06   1.7646595929419043E-08   4.9739248758975812E-08
         1         90   1.5641831198709013E-24   1.8922584155510940E-05   1.2032718975142107E-09   6.3559013303805507E-08
         1         91   3.5999504594399521E-19   1.0191971853450865E-04   3.8801483967751285E-08   4.3645348847966747E-07
         1         92   1.3679885913697342E-18   3.8756780037937742E-04   4.0755676017209314E-08   1.6879643447954351E-06
         1         93   1.0551386409560672E-24   1.4009154368777344E-05   5.5147853861842883E-09   6.0178131231229470E-08
         1         94   9.2677548102669006E-17   2.5045550259521103E-05   7.6958242663882588E-09   1.0838542892689842E-07
         1         95   1.2822754457756799E-22   2.7254470048308684E-05   1.3395623816750736E-07   4.6059499787477724E-07
         1         96   1.8345309566283216E-20   7.7007313529966532E-05   2.4694921923390646E-08   5.5875587614964550E-07
         1         97   4.1986102019070458E-15   1.2051332487872767E-03   6.3004382788316054E-05   6.9865208805649321E-05
         1         98   2.1515829546930193E-14   1.6050585153206327E-03   4.2499277635628743E-06   4.3219292213096115E-05
         1         99   2.8882963514558053E-21   2.0620779042822477E-04   4.8102953549859957E-06   4.8062393737989624E-06
         1        100   9.9029402510355972E-16   2.0742525571418180E-04   7.1441640875345015E-06   1.2611877764958859E-05
         1        101   3.2694644047593946E-04   1.8881886106938472E-01   1.5221513254941466E-02   1.0129177300834994E-02
         1        102   3.3293828639905970E-03   3.1702663897804695E-01   3.4586466541232902E-02   1.7715938660346629E-02
         1        103   5.9058508684449709E-05   9.9313973087785321E-02   6.6054307354719809E-03   5.1077867636177398E-03
         1        104   3.6444770126100570E-04   1.6028980566737985E-01   1.7068068042539793E-02   1.0658633860684870E-02
         1        105   1.2568875021387201E-03   1.7055676790209423E-01   1.4767697503779381E-02   9.0824267570623375E-03
         1        106   3.1795006152896622E-05   9.4819671129653643E-02   6.0336451494110016E-03   4.2596141388098535E-03
         1        107   8.0126907472141586E-04   1.0996266881667435E-01   1.7291080694960707E-02   6.7207604161429232E-03
         1        108   2.1333719217864417E-03   3.0183864144317246E-01   3.2106105472502436E-02   1.8530587245795625E-02
         1        109   1.3586628440514024E-02   6.1742682758783118E-01   8.2540388402621942E-02   3.4525448374479628E-02
         1        110   1.8977776699030762E-02   3.2313782355234610E-01   8.3594091268249418E-02   2.1086557932254058E-02
         1        111   2.6832187271189000E-03   1.5318181124769054E-01   1.9524846284242243E-02   9.9981965815056275E-03
         1        112   5.4673611600378007E-04   2.1411229271072540E-01   2.4917021495916482E-02   1.4030405269301466E-02
         1        113   1.4438108708699556E-03   2.1525908908168698E-01   1.9465800486628094E-02   1.1495167169272291E-02
         1        114   2.7833454533056977E-03   1.2951668287190407E-01   1.9665878061026855E-02   7.3198555549326043E-03
         1        115   5.2506766109717510E-04   1.1846462860386278E-01   8.2637271784817470E-03   5.8769897912927561E-03
         1        116   7.9262534642859245E-04   1.8434698007055494E-01   1.6826053628681895E-02   1.1243188809213819E-02
         1        117   8.4293448826862193E-03   2.0315964820598409E-01   5.2907241313359984E-02   1.4923683356178578E-02
         1        118   1.1720073977925058E-04   1.0647586178600962E-01   1.0576862922460290E-02   6.7498177446619909E-03
         1        119   2.9696353691893615E-04   1.1311575964109198E-01   6.9745712053501203E-03   5.4504354517557873E-03
         1        120   2.5276986032231026E-04   6.3054442966219690E-02   5.2857906878099751E-03   4.4442975756460272E-03
         1        121   2.3620877964180839E-05   5.0995960150496886E-02   3.7808673855425964E-03   2.9817832968265716E-03
         1        122   9.8289291628531091E-05   6.5565835840440512E-02   2.9394078812256933E-03   2.7609401510240599E-03
         1        123   2.2144077447337675E-04   8.8015925453659286E-02   1.9123454663242372E-02   1.1512986809351752E-02
         1        124   2.1279573578381300E-04   4.0807930479584399E-02   3.6917775610050005E-03   2.8433048455398951E-03
         2          1   1.8760347519299106E-03   6.6355672402642774E-01   2.2509909348024459E-01   6.9476002780680418E-02
         2          2   7.7063233440192048E-03   4.7295947551013112E-01   1.2187902152965636E-01   2.9330635245573861E-02
         2          3   1.1153002121565274E-02   1.0545409100562506E+00   3.6582084388565855E-01   6.1963038650409717E-02
         2          4   5.1420357841343355E-04   6.7071915532806559E-01   2.1372055101353682E-01   6.2583816462641245E-02
         2          5   2.4990074924549368E-03   6.3969238884340907E-01   1.6551685823534326E-01   3.6003871646993431E-02
         2          6   8.5428360464709107E-09   1.8017270730142196E-01   3.8788095749283262E-02   3.9903407789011719E-02
         2          7   1.5945101003971875E-11   4.2338093517848459E-02   7.9026071619148989E-03   3.2652996807047297E-03
         2          8   2.8867562089841907E-10   8.7328356881277200E-02   1.6961711633475960E-02   1.7252529780660560E-02
         2          9   1.4782702966394777E-02   2.5627026832928079E-01   9.1099092582862667E-02   3.4975175881311521E-02
         2         10   2.3899979168109575E-03   1.7597476545371873E-01   2.4498011783865077E-02   1.2670510175664250E-02
         2         11   2.1166245386140622E-04   1.7860936133406069E-01   5.6605451521861111E-02   2.5724716223436098E-02
         2         12   4.7062384192029250E-01   2.8252119071945798E+00   1.2896509483390162E+00   1.6298746537777056E-01
         2         13   3.2732474935142031E-01   2.1450206075094096E+00   9.2552478771806612E-01   1.3743198662870193E-01
         2         14   4.3249050083039080E-02   6.0085194884477233E-01   2.3221715395062159E-01   4.0000336691465972E-02
         2         15   8.7192589169148016E-02   5.2112727284756699E-01   2.4907766456772307E-01   3.2754483583103067E-02
         2         16   1.7418250359258081E-01   1.4903890927172112E+00   6.0185644651370851E-01   1.0639621227094948E-01
         2         17   1.0147431546980877E-01   1.0103448378737530E+00   4.7649636193350214E-01   7.3395716509505618E-02
         2         18   1.9909962776592256E-02   1.3726539149970640E+00   5.2764751364687013E-01   1.3128669964030448E-01
         2         19   7.8414386654857327E-01   3.6841144284064442E+00   1.5831015153457655E+00   2.2172894008080185E-01
         2         20   3.9836832897743446E-01   1.6737867987692372E+00   7.8913675438279074E-01   9.8805160981496401E-02
         2         21   3.0197403490627128E-01   1.1092564351295793E+00   5.4675918281916591E-01   6.5544906725394120E-02
         2         22   2.7765463580141092E-01   1.1038658113039121E+00   4.9203549896491100E-01   6.1648523419680579E-02
         2         23   6.6497232264075024E-01   3.2050196896249079E+00   1.4633703024846676E+00   1.8847064379007480E-01
         2         24   4.4434928280309988E-01   2.2125476002330142E+00   1.0943278450379053E+00   1.2535199040515543E-01
         2         25   4.6460682009370963E-01   2.1628723029726498E+00   9.9562829626641736E-01   1.1889265227499107E-01
         2         26   6.5248402126154448E-01   3.8837224003859681E+00   1.6975120104944517E+00   2.6351299828479063E-01
         2         27   3.6106067841038508E-01   3.8288631735656282E+00   1.5412782670562259E+00   2.7519821205031342E-01
         2         28   3.5037017827823901E-08   4.9513186873925912E-02   5.5789530009495601E-03   5.3267177725952854E-03
         2         29   9.1678409397575597E-07   1.1378275954249511E-02   2.5571762144525612E-03   2.0470946161646260E-03
         2         30   5.4207089460328753E-08   1.6588137637665114E-02   5.0065597570399488E-03   4.8074214810101702E-03
         2         31   3.1265399768241434E-06   1.7366232049589307E-02   1.2115412619292131E-03   6.9000583786001373E-04
         2         32   1.3673727608340447E-11   6.6161596892482313E-03   4.6500136261059540E-04   4.8666778561871622E-04
         2         33   2.1752000623220270E-07   6.3736360302635671E-03   1.7229518677925777E-03   1.6565962104580273E-03
         2         34   4.7389154016484227E-09   9.6801109199938212E-03   1.3793828920476787E-03   1.4173227636585480E-03
         2         35   7.9991793700823934E-06   4.5498991879273969E-02   1.2127369287063398E-02   2.3689120537299822E-03
         2         36   1.5565702883382214E-07   6.5963818168662883E-03   3.2189183940337763E-04   2.3131534529138869E-04
         2         37   1.2390307359918750E-10   1.4356711224038613E-02   1.4187189140432044E-03   1.5633485762666681E-03
         2         38   1.0833450162350720E-13   3.2564145588558843E-03   2.1970273133567310E-04   2.4101432089098791E-04
         2         39   3.2975347868581099E-08   5.2331022585777459E-03   9.3786346378831693E-04   9.4922741095916196E-04
         2         40   2.6558668351703507E-07   2.4298811795518155E-02   1.3515113321782967E-03   9.2075814335406195E-04
         2         41   6.5722635751978075E-10   1.2642220963399014E-02   1.3331292025715257E-03   4.4243330539265967E-04
         2         42   1.2118402733565782E-07   3.2964000027053122E-03   1.1531998849952247E-04   9.9283722704657964E-05
         2         43   1.8498855555574382E-06   3.5142433151322094E-02   9.4534524840157331E-03   2.6610243006558302E-03
         2         44   2.8376345539434408E-10   6.8203304591263215E-03   1.3525440295470688E-03   1.3414354364866318E-03
         2         45   8.3629183377749380E-08   6.8375687849428933E-03   2.0076630529811153E-04   1.5418193805693685E-04
         2         46   1.8280087185233845E-14   1.9600918101479086E-03   1.1765916943121542E-04   1.3034287915006111E-04
         2         47   4.3875704420528102E-08   1.8085444232788066E-02   6.8313834237196261E-04   5.3849801659110359E-04
         2         48   1.4949451806592971E-06   1.9910281799210137E-02   5.7016923629045419E-03   1.2524512271120886E-03
         2         49   5.9088235559214228E-06   2.5934044097545957E-02   3.0258916234653711E-03   2.8747614671833116E-03
         2         50   5.2887228972540176E-07   8.2967245109932201E-03   3.3322841755368702E-04   3.0915543746093085E-04
         2         51   7.5840727571941117E-09   2.1514542810237257E-03   4.6286644394556172E-04   4.0693262554627254E-04
         2         52   1.4407428481679196E-12   4.7946745633340622E-03   3.1392723436556795E-04   1.4928626836597839E-04
         2         53   9.1646786160392972E-08   3.5256952127440807E-03   7.0326398783339818E-04   4.4501027791499145E-04
         2         54   2.0292702281197121E-09   1.5886433621217153E-02   6.1754313792067360E-04   6.2898174488328670E-04
         2         55   2.8980195667480334E-13   6.2493924412366985E-03   4.5269171254782377E-04   5.2739419912327910E-04
         2         56   3.9582968501664454E-09   3.2484309016913614E-03   4.3112529315123867E-05   5.1770755657786643E-05
         2         57   2.1170174399896786E-10   1.3144097786551726E-03   1.7658799952163399E-04   1.8600115198689449E-04
         2         58   7.1562597588573126E-13   2.6123201058333130E-03   1.9020752489081277E-04   2.0825333822964916E-04
         2         59   1.2128039833901035E-09   1.0543850262953420E-02   2.0295618001661298E-04   2.1752730804145808E-04
         2         60   7.0923696862064529E-08   8.6087186334203175E-03   2.1978451293588551E-03   5.8645928331187548E-04
         2         61   3.5760768765880796E-08   2.8376123895536131E-03   4.5959500181904197E-04   4.7226920377720658E-04
         2         62   4.7193284496827618E-10   4.2438786016970383E-04   7.9780978235659003E-06   8.8686210440086327E-06
         2         63   3.7187808493748347E-17   3.1997067068170997E-04   1.0827904957332137E-05   1.1763378893284673E-05
         2         64   2.2952545792080995E-10   4.6563905817196177E-04   7.6622129396247053E-05   5.1883723326344761E-05
         2         65   1.3529726103635701E-14   3.9715694632699271E-03   3.0790546742601768E-04   3.5648686461541246E-04
         2         66   2.0339313280250742E-12   2.4549852211594138E-04   3.5324653685329020E-05   3.8021173086209435E-05
         2         67   1.9767230645629340E-10   3.0371454408818659E-03   4.5291657095832048E-04   1.6119404448389685E-04
         2         68   3.4214756145719714E-13   1.0482293743127793E-04   5.8900587661726629E-06   6.7002603801322886E-06
         2         69   1.0318524638473111E-16   2.2408277005442527E-03   1.2378573870582324E-04   1.5071144394956628E-04
         2         70   5.6358187552253093E-15   7.7180957753681756E-04   8.4195578855640791E-05   9.0126126629155902E-05
         2         71   1.0383905834938254E-11   7.6041494943526755E-04   2.6243676950298580E-06   9.1315597341536727E-06
         2         72   2.6307522564812413E-13   2.1352296891475337E-04   1.9715593837653130E-05   2.1666800288978460E-05
         2         73   1.7364801169044108E-10   2.4333806238474600E-03   3.5362077773975608E-04   1.3290358428561408E-04
         2         74   1.8272358444913569E-09   2.8138434160985214E-03   2.6119425449386025E-04   3.0229079717134850E-04
         2         75   1.3910772808388932E-16   4.1441095131192446E-04   1.7754403335346018E-05   1.0923962374707910E-05
         2         76   9.1219044313542760E-11   3.7961437075578926E-04   5.0503091800560007E-05   5.4150318104401098E-05
         2         77   7.4680190850964144E-19   1.0938689656549189E-03   4.5681662666308666E-05   6.4211767230994881E-05
         2         78   1.5664575967581742E-13   1.5935707828708637E-04   1.3212332777058515E-06   2.8133625420616859E-06
         2         79   7.7937394796602341E-25   1.2819240836833724E-05   8.6411117118770344E-08   1.7992872027885075E-07
         2         80   1.8202215449156293E-16   9.4930788971546265E-06   6.6244528761423066E-07   7.0828800590241055E-07
         2         81   1.5050142468254456E-15   5.1462568409748276E-04   1.6992512092802014E-05   1.0039427097752489E-05
         2         82   5.0794310105764103E-18   1.1236453719070656E-04   5.4970380577042659E-06   6.4106862288022960E-06
         2         83   4.1713125772154218E-14   9.8865384128717993E-05   1.7113913593104808E-07   1.1025272140200263E-06
         2         84   1.0940187056590390E-25   4.9707444255013785E-06   4.7918371159626570E-08   8.6425544410182676E-08
         2         85   8.7783425885491626E-18   6.7755322087198159E-06   4.6002164783066033E-07   5.5323987659655204E-07
         2         86   1.4432866199253545E-18   1.2538562488551982E-03   1.2589619689503724E-05   2.4539037750722270E-05
         2         87   7.8952345375305970E-24   2.6580426368440553E-05   1.7886652902445103E-07   3.4053504552577508E-07
         2         88   1.9479273107397131E-15   1.0088962111193504E-05   7.9312318789580089E-07   8.5001864238270683E-07
         2         89   1.1566101752235071E-19   3.1664919899915949E-06   1.3742385844853797E-07   1.7705059425994867E-07
         2         90   4.7941588024485640E-23   2.9461744451769381E-04   1.0899868398789852E-05   1.5057684957457213E-05
         2         91   3.8871447697301729E-16   4.5594718355915853E-05   3.0408642179699697E-08   4.5511348784415166E-07
         2         92   3.7537027341708615E-27   1.7006889750119989E-06   2.1774558462412157E-08   3.5091088903302823E-08
         2         93   4.4689444988664042E-19   5.6411049579988206E-06   2.5669287021215045E-07   3.1466899207661322E-07
         2         94   6.8354851029458966E-23   2.6588363571940099E-05   6.9889412974795887E-07   8.5893886457688322E-07
         2         95   7.9060932045903967E-19   7.0150847123118633E-04   2.4337390068871771E-06   7.1921615553014505E-06
         2         96   1.2284585362673243E-15   3.5462349319598610E-04   1.0254291953587490E-05   6.6241094657943464E-06
         2         97   5.9781293963628759E-14   3.5406633681672164E-04   1.3501533539718235E-05   1.9128921510711197E-05
         2         98   8.9895756132223551E-20   5.2256864186916289E-07   9.4998448784369045E-09   1.5035101801332513E-08
         2         99   3.1479219000073925E-03   3.2191849641489434E-01   7.0020983018731567E-02   3.9741236726858933E-02
         2        100   5.5038788428141147E-03   1.7222791281052655E-01   3.3842384669180110E-02   1.4372396692107117E-02
         2        101   9.9048930205788543E-04   1.3223080300102602E-01   1.7159903327143209E-02   1.2099984794686094E-02
         2        102   1.2463809178000619E-02   3.4017620943217791E-01   6.4781953964496458E-02   2.6678210756920000E-02
         2        103   4.8478581965310640E-03   1.7677335656119594E-01   3.2207461395716508E-02   8.8615658390448892E-03
         2        104   2.1825976086643356E-03   8.4180100708308628E-02   2.0381413517297543E-02   1.0830315984492377E-02
         2        105   8.7656808619157259E-03   4.1092592743165801E-01   6.0899962631247133E-02   2.2432003723223390E-02
         2        106   1.9321620733051020E-02   5.6346065216966745E-01   1.1860173692764293E-01   2.7520851709418662E-02
         2        107   1.9955287212007943E-03   1.5810321691105922E-01   1.7663888300420868E-02   8.1795600902419205E-03
         2        108   5.8700765507258685E-04   2.2642217918373594E-01   3.5590106469917025E-02   2.0066015371070126E-02
         2        109   6.0875644793510798E-03   2.3163730751983705E-01   3.8487247157618580E-02   1.0966636338291591E-02
         2        110   2.4741751421939661E-03   1.0980972072835703E-01   2.2001648319892556E-02   1.0786278386598736E-02
         2        111   1.0417356453734825E-02   4.7787183552257062E-01   1.0187638758186732E-01   2.3526290583847351E-02
         2        112   7.9873818319812237E-04   1.5739165831600338E-01   1.6725903196765646E-02   6.4783878057948722E-03
         2        113   8.2340835139085976E-03   2.1138393512032463E-01   4.0015858958249773E-02   1.8060940636947284E-02
         2        114   1.8306768438826997E-03   1.3706848470537986E-01   1.3803972555230689E-02   7.1573073422187845E-03
         2        115   2.3095326782985689E-04   1.0586553933574792E-01   2.7704666054798200E-02   1.9791493055444306E-02
         2        116   9.2969235124453192E-04   5.4064297261373975E-02   1.3617707607503714E-02   8.4914318417061551E-03
         2        117   6.6870116037608208E-05   4.6419917044243926E-02   7.1547060359198559E-03   6.4897435976323994E-03
         2        118   8.4840787862868784E-03   3.7571515886682616E-01   8.0110008358730514E-02   1.6779246757696886E-02
         2        119   1.4434719489904133E-02   4.7460268884690082E-01   6.6660127422499924E-02   2.5080449742755206E-02
         2        120   6.5137262036218013E-04   1.2637776674518744E-01   1.3902754810606448E-02   5.1688457762619914E-03
         2        121   2.1753941023703945E-04   1.0811851356722968E-01   2.7477705783913727E-02   2.0084042265566773E-02
         2        122   1.7706263349100769E-03   9.2951816558565770E-02   1.8047483506291644E-02   9.3561894283602041E-03
         2        123   4.7225603198693686E-04   5.3747992638501031E-02   8.4158409229112812E-03   3.0004028919101877E-03
         2        124   1.8558364620305281E-04   2.5569248339563765E-02   6.8587855473177519E-03   5.2639607890142487E-03
         2        125   5.4079134453601549E-04   1.2472727247234228E-01   1.5092211213725030E-02   6.6087527376746062E-03
         2        126   2.4357602409088243E-04   4.0579154746891333E-02   3.0903912540041216E-03   1.8034054063868444E-03
         3          1   6.9508090151043974E-03   8.5591824749099332E-01   2.0920834057824303E-01   7.6664080811999880E-02
         3          2   1.1433313911562956E-04   2.6755640686636972E-01   1.0759838538328056E-01   1.6593185629160984E-02
         3          3   2.1364196852258432E-02   5.1096980135735892E-01   1.3985882658580906E-01   3.1793521943679209E-02
         3          4   2.0294604740226829E-02   4.9004085708488759E-01   1.5172329685203434E-01   3.8325486898414550E-02
         3          5   1.3666488247166824E-02   1.0045845870584791E+00   2.7986137305755465E-01   8.2753753602143293E-02
         3          6   2.2742843501539871E-03   6.1494211261050014E-01   1.6551685823534343E-01   2.7086307824730049E-02
         3          7   2.5903181143733145E-03   5.8283635989529647E-01   1.3379376069257098E-01   3.5656154424825046E-02
         3          8   1.1071265544277721E-08   2.1459009170753143E-01   2.8488004202189342E-02   2.8596013096046698E-02
         3          9   3.3124648441597825E-10   6.0820417633488215E-02   1.6961711633475970E-02   5.5115571799067217E-03
         3         10   6.6670830510361540E-10   8.5615709950546167E-04   4.0610883299356868E-05   2.3070280114420623E-05
         3         11   2.4712275234146919E-02   2.4804464973102811E-01   1.2378764101414452E-01   2.0530458013576277E-02
         3         12   6.3749901649737626E-03   1.6399205399328978E-01   6.4974567135389141E-02   1.7243739452038328E-02
         3         13   4.4245330213585488E-01   2.6396659702740131E+00   1.2557855330853385E+00   1.6396327361870489E-01
         3         14   9.9439425120484301E-05   4.6346721559380327E-02   7.9608855716064904E-03   2.3399528614777222E-03
         3         15   1.2208917499464288E-01   7.5853345682551399E-01   3.1778856110165493E-01   4.7856467756332559E-02
         3         16   8.4217140055450890E-02   5.7716686548750862E-01   2.4907766456772315E-01   3.4828829609934581E-02
         3         17   2.7205550661333167E-01   1.4370114685412951E+00   6.0465102967125406E-01   8.5858060415010304E-02
         3         18   1.0183881961529422E-01   1.0347717179375953E+00   4.7649636193350203E-01   8.0399098587476861E-02
         3         19   2.1810157213448522E-01   1.7395974437105375E+00   8.1230376951577987E-01   1.1341964244992096E-01
         3         20   8.2405824190304788E-02   1.3088450792268920E+00   5.2764751364686990E-01   1.1462484719086125E-01
         3         21   4.2067118988218410E-02   1.1566681068406439E+00   4.8629064515307913E-01   8.9039434727528580E-02
         3         22   1.8864504251241878E+00   7.4745052330555257E+00   3.5824873853820698E+00   4.4434152350091077E-01
         3         23   9.6890817342494950E-01   4.6057697298815787E+00   2.0653919740788220E+00   2.9344674679650989E-01
         3         24   3.5342393000306060E-01   1.6593814083970797E+00   7.8106999020904477E-01   9.7230368487147972E-02
         3         25   2.6894344153414174E-01   1.1139235321657501E+00   4.9203549896491094E-01   6.4337427424537436E-02
         3         26   2.4245180382783180E-01   1.1105767931116912E+00   5.2644562931546468E-01   6.6611901372328808E-02
         3         27   6.1971331380743555E-01   3.1570808240937134E+00   1.4604149141954101E+00   1.9594025242377353E-01
         3         28   4.6018135695352080E-01   2.1720613850123152E+00   9.9562829626641736E-01   1.2606923917630888E-01
         3         29   4.8388958903962215E-01   2.0652032798155928E+00   9.8888150051283075E-01   1.4172820651777451E-01
         3         30   6.9120180777052220E-01   4.0265824992450092E+00   1.7101823620487058E+00   2.5018143027554723E-01
         3         31   4.2567029232931053E-01   2.6929897579967488E+00   1.1102066401321649E+00   1.5817533871723780E-01
         3         32   1.0731773093270325E-06   3.3474976599079154E-01   4.9059572915447769E-02   4.4409686543046931E-02
         3         33   7.4414681790367987E-01   3.6030269458210964E+00   1.5758736297132736E+00   2.1636888242168767E-01
         3         34   2.4151025710612614E-01   2.4067522413973950E+00   9.9703852957140171E-01   1.4925351204892898E-01
         3         35   2.3402315874500422E-05   2.1521508501310630E-02   4.6335119437178008E-03   2.4687326625777825E-03
         3         36   3.2272833141680503E-06   1.3898901848429932E-02   6.9608982696397310E-04   5.0741410722478523E-04
         3         37   6.3080080858062212E-09   6.5293868841669132E-03   3.0690353430058324E-04   1.7338315255008662E-04
         3         38   7.1823817755358490E-07   5.0612087777955946E-03   4.8365448975071728E-04   1.7677908954261208E-04
         3         39   0.0000000000000000E+00   1.0533362773777870E-03   2.5318199075865189E-05   4.3934171355289966E-05
         3         40   3.2146308112897727E-06   6.7007436684274280E-02   1.6602141587932434E-03   2.3808388441389394E-03
         3         41   1.0706486162277107E-04   4.7446883527875884E-02   5.4958751484851893E-03   2.1347831527788550E-03
         3         42   5.3869052642821874E-08   3.4910546212394540E-02   3.9876828035079263E-04   1.1888585370375380E-03
         3         43   5.2651133388839980E-07   6.1309667050147192E-03   2.6102684324982297E-04   2.0519703434684590E-04
         3         44   9.8559784281231449E-10   5.1749875543015758E-03   4.2060769160286610E-05   8.9112667953340638E-05
         3         45   2.2682517764981499E-09   1.9129699176243679E-02   1.5060212749368402E-04   5.9391490847201178E-04
         3         46   5.3593056189430070E-07   6.9649100378044023E-03   1.4730243177298772E-03   8.9832684053149257E-04
         3         47   2.1203480579442857E-08   2.3307114193119247E-03   5.8541784377221222E-05   6.1390185017089885E-05
         3         48   0.0000000000000000E+00   6.2281878604416254E-05   1.0531501371427740E-06   1.7427621715311500E-06
         3         49   2.3861186759909493E-06   3.2233117329955110E-02   7.1978727135949179E-04   1.0049414002604856E-03
         3         50   7.5950625950831484E-06   3.0175206562935080E-02   3.2117141912688823E-03   1.6498699014665618E-03
         3         51   7.3568254095772357E-08   1.1960519276254704E-02   2.2545886148631149E-03   5.6032296338559247E-04
         3         52   1.5260811732108357E-06   1.0200496012419536E-02   3.8594809699877266E-03   6.6996646061984525E-04
         3         53   0.0000000000000000E+00   1.2042705921093710E-03   3.3671005637907401E-05   5.7309443772240787E-05
         3         54   0.0000000000000000E+00   4.1029958653043298E-04   7.7342822641856737E-06   1.6126990117695603E-05
         3         55   1.0586228018494597E-07   3.1713312128505361E-03   1.2078684141085144E-04   1.0228775049711732E-04
         3         56   0.0000000000000000E+00   1.2112852214647383E-04   2.3179394764435386E-06   4.6752447262224524E-06
         3         57   2.1095289067977844E-05   2.4492640103489602E-02   1.8386571395306104E-03   8.8789457713396320E-04
         3         58   5.4952650585214034E-07   2.1972778379779668E-02   3.1948708959693737E-04   5.9293996399830686E-04
         3         59   1.0613631897750062E-05   1.8634926978472795E-02   1.1630737583216129E-03   6.2677409790395499E-04
         3         60   3.5738561339510686E-09   2.2709142869540965E-02   1.2904171537221525E-04   7.1086471331252674E-04
         3         61   2.9905341061023134E-06   1.2535713285874116E-02   8.8139920375687286E-04   5.7145913388873502E-04
         3         62   4.4762826060080880E-09   9.1637505937434581E-04   2.8107250211320576E-05   2.7118205024451135E-05
         3         63   1.0498038422870551E-09   2.5369016262414916E-04   8.7342107591507150E-06   6.3621400743936085E-06
         3         64   3.5050809481327441E-08   1.5779250088370684E-02   1.3020499145888670E-04   4.2399062838773959E-04
         3         65   5.1173907609279611E-10   2.9309406253707967E-03   4.8792551110834255E-04   1.4559468883659568E-04
         3         66   1.2910584322986739E-11   7.2149530965653144E-03   2.7212985059755726E-05   2.2122991082194733E-04
         3         67   1.4736472936278077E-10   2.6503459181020862E-04   6.0153588630212118E-06   6.7492130863586760E-06
         3         68   7.1276275245700342E-14   1.0668652794397922E-03   5.0128598893355542E-07   1.0775710669965531E-05
         3         69   4.0503045358791047E-11   7.1332419425074886E-05   9.3051216376696218E-07   1.8218970815402433E-06
         3         70   0.0000000000000000E+00   2.8702776037695528E-06   2.7659965775783308E-08   7.4011953941353113E-08
         3         71   8.9485694601450300E-07   9.0260327206298559E-03   2.6185050346059661E-04   2.1919300016042431E-04
         3         72   7.4483218502442733E-11   2.6404284112821366E-04   5.1799689227467096E-06   6.0924224523940296E-06
         3         73   3.8914256469064184E-12   7.3171816657549915E-05   1.2212980158703912E-05   4.4783712994106377E-06
         3         74   1.0887666711583199E-10   1.0084438093000967E-02   2.4988468973048033E-05   2.0261984762072019E-04
         3         75   4.1641302628772236E-10   1.2137023663859163E-03   5.2081700448255521E-05   4.6156841181432089E-05
         3         76   0.0000000000000000E+00   5.2568569324486078E-06   2.9541604250420947E-08   1.6075736506549017E-07
         3         77   8.1363178418165396E-13   4.9901792894626986E-03   1.5343885971736353E-05   1.5116988666245395E-04
         3         78   1.2591659859525352E-15   1.6876885857775920E-04   5.2942831321557641E-07   2.1948697069080155E-06
         3         79   0.0000000000000000E+00   5.7971143537311718E-07   2.8138574003962646E-09   1.5135118243770624E-08
         3         80   1.4286184336727855E-08   2.8819708362247116E-03   5.7261755527016844E-05   6.9407011375380409E-05
         3         81   2.8977467345379130E-11   5.9299201884935294E-04   7.7010254388971893E-05   7.7431843622615136E-05
         3         82   2.4990755236635592E-13   2.0720539302097115E-05   3.7010768144205159E-07   4.6075801215806365E-07
         3         83   2.2400447678282876E-17   1.5859453596000334E-04   4.6116315872859695E-08   1.4748651984262217E-06
         3         84   5.3702350701976876E-14   4.8179578283709447E-06   2.2859222979622248E-08   8.0132175390975233E-08
         3         85   7.4327802887488073E-09   2.3468971421638303E-03   1.9554609968837646E-05   3.8494970582438443E-05
         3         86   3.3894229629293076E-17   1.4884589203703052E-03   3.0142077753264937E-06   3.6186567448656798E-05
         3         87   6.4043075628829841E-16   5.9219716697339573E-06   3.4606605337275910E-08   7.5373991771145655E-08
         3         88   5.8808352823968591E-20   4.6994584191307231E-06   6.8714798623654794E-08   7.4349188592638215E-08
         3         89   4.9389128819245082E-18   2.5611743723741886E-06   2.8972590912716736E-07   1.4642330855472412E-07
         3         90   0.0000000000000000E+00   3.3911430411975464E-09   4.1207666955483217E-12   5.0539032094359275E-11
         3         91   3.8291072320900757E-12   3.5244687351484614E-04   6.1281215328957920E-06   1.0135237421087770E-05
         3         92   3.9006264212094526E-15   3.5847134801052615E-05   5.6292376651867762E-07   9.9352437403894171E-07
         3         93   8.4441232205751626E-17   2.7779237562774187E-05   4.0334527915784286E-06   1.7372023412729040E-06
         3         94   0.0000000000000000E+00   8.8156014953325189E-09   1.2226460438869446E-11   1.4865614618795771E-10
         3         95   4.8403681387157345E-14   1.5170224462401758E-04   7.9599790582561691E-06   1.0266833321892090E-05
         3         96   1.0584819443433245E-18   3.0691068060326191E-07   2.0191538872513430E-08   1.2949445462355072E-08
         3         97   0.0000000000000000E+00   9.4355748649303625E-10   1.0927062600178828E-12   1.3639624663031197E-11
         3         98   8.9693306683052310E-13   2.3944085765827266E-04   2.2586943043112268E-06   4.7938818477299644E-06
         3         99   0.0000000000000000E+00   6.3680159406280143E-09   9.1984000033389986E-12   1.1215695913953720E-10
         3        100   4.3628158717860075E-20   4.7250964664968196E-04   7.9781062720174167E-07   9.8034289451321917E-06
         3        101   1.4776830239295150E-15   4.8513984529309309E-05   3.7341469676168714E-06   4.6978238120896031E-06
         3        102   1.2726604981284005E-18   2.7985776429112327E-07   1.9335698384157354E-09   3.2541205372786075E-09
         3        103   3.2052348884208693E-24   3.5658412504965927E-06   7.2279227678932054E-10   2.9500019801760230E-08
         3        104   8.6993108725610950E-20   3.4362224808389894E-08   1.2871447218092933E-10   4.0318409932357379E-10
         3        105   3.5385244269985374E-16   6.8615225792837157E-04   3.5047806273312714E-07   6.4297166389104021E-06
         3        106   4.0608786078579896E-13   1.9254759624182498E-04   4.3804630632051931E-07   2.1474397995487639E-06
         3        107   1.1059860280962220E-19   8.8513942120573884E-06   5.9028266518987302E-07   3.6651130246944485E-07
         3        108   7.4872468298772162E-17   2.7537505752934237E-05   3.2796205068066701E-06   1.4104538567325115E-06
         3        109   0.0000000000000000E+00   3.6584037920351598E-09   5.2902874639296599E-12   6.5109043449256078E-11
         3        110   8.2152804171317618E-04   8.8347313762283192E-02   8.8467683703621156E-03   4.1625240173538578E-03
         3        111   3.1877864230062452E-03   1.2804365910877538E-01   1.8357652258434574E-02   7.2652260691767187E-03
         3        112   1.2101864067145478E-04   5.4660789114397618E-02   4.8766294761430152E-03   3.0568432644552303E-03
         3        113   4.0719418377660448E-03   1.5812193155459181E-01   3.2201567802692593E-02   9.0820065714567900E-03
         3        114   1.2870197590934937E-04   5.2931073986386426E-02   3.5840246453185481E-03   2.0974388347470957E-03
         3        115   6.1837197070489726E-04   6.0592184851967511E-02   8.0368185566815076E-03   3.4978872464452122E-03
         3        116   4.0090453991992590E-05   2.3572119757057804E-02   1.8190998874957503E-03   1.2286275049086292E-03
         3        117   8.1153139635552762E-03   4.0859871687333188E-01   5.2813944399532242E-02   2.2760721013027601E-02
         3        118   3.3345765778402932E-02   4.9934975630587519E-01   1.1595359263971822E-01   3.0253393540767955E-02
         3        119   1.2048058029544473E-02   5.5758121437818897E-01   8.7036216315491785E-02   3.1655183611635933E-02
         3        120   4.5469723123403583E-03   2.0960466194282990E-01   3.5202657221432579E-02   8.9004432123100281E-03
         3        121   1.6113147908859114E-02   2.6986652204818856E-01   5.5283464067395996E-02   1.4658370720985549E-02
         3        122   2.3846719228517034E-04   1.0030354498538541E-01   1.0486727901102402E-02   6.3507065858094741E-03
         3        123   6.2454260955278175E-03   2.0062358009616338E-01   3.7916450819570451E-02   1.0823313878065460E-02
         3        124   3.7956760159532990E-05   3.0573859049506075E-02   2.4059228063419468E-03   1.6624270777882151E-03
         3        125   5.5357097506154363E-04   7.7437955987399637E-02   6.5095304821206311E-03   3.5315506543972378E-03
         3        126   6.0425455091815241E-03   3.6019700328748572E-01   5.2124391315139920E-02   1.9732296739077622E-02
         3        127   4.7138125090849973E-05   2.6687121654748951E-02   1.8418965301001747E-03   9.7646640429547476E-04
         3        128   2.2931680466847456E-04   3.1943367741887989E-02   3.5313412499537377E-03   1.4590315535565708E-03
         3        129   9.3394938411070287E-06   2.5744537959537902E-02   1.8133849623181786E-03   1.4832471831721975E-03
         3        130   1.8589256873577863E-05   8.5578502821115843E-02   3.4149796341004872E-03   3.4784057773768222E-03
         3        131   8.3242362984933781E-06   1.9531315537555625E-02   5.2396560235022204E-04   4.8974887983104182E-04
         3        132   4.8573120827623552E-05   1.4839840392929475E-02   1.3257157668311807E-03   6.9914353931559690E-04
         3        133   1.4059298370021020E-06   4.2371090758900306E-03   2.2579509890652602E-04   1.9555742276651275E-04
         3        134   1.2638046652719602E-03   6.8137278677575935E-02   1.6714626629612105E-02   3.2133054252190311E-03
