################################################################################
# Symmetry function scaling data.
################################################################################
# Col  Name     Description
################################################################################
# 1    e_index  Element index.
# 2    sf_index Symmetry function index.
# 3    sf_min   Symmetry function minimum.
# 4    sf_max   Symmetry function maximum.
# 5    sf_mean  Symmetry function mean.
# 6    sf_sigma Symmetry function sigma.
#########################################################################################################################
#        1          2                        3                        4                        5                        6
#  e_index   sf_index                   sf_min                   sf_max                  sf_mean                 sf_sigma
#########################################################################################################################
         1          1   1.9944944083955814E-02   9.4062388476192826E-01   3.0662774138289817E-01   1.0736718369538012E-01
         1          2   1.0770110426573982E-02   7.3644066916512896E-01   3.2137753041218148E-01   1.4122463346164615E-01
         1          3   1.4087154736655103E-02   6.9204976763813386E-01   2.5323085856760413E-01   1.4847786269205343E-01
         1          4   2.6752582779588112E-04   3.6613045416941919E-01   6.2696251517996543E-02   3.7763840615199870E-02
         1          5   9.1768370206312444E-05   3.1511513397041635E-01   1.1520054589478794E-01   7.4982663802209304E-02
         1          6   3.3740151807066188E-02   5.3672987006167250E-01   2.5837341742026115E-01   6.4687772992256976E-02
         1          7   1.7656498406371925E-02   3.8638575814005444E-01   1.9151915063438180E-01   5.0350137376675340E-02
         1          8   2.3827431861008296E-02   3.4084840133380928E-01   1.8041007327670536E-01   4.4753540347160926E-02
         1          9   1.9972343586438768E-06   1.9961344433527592E-01   1.5298865132344488E-02   1.4461018612015913E-02
         1         10   2.4363177375090068E-07   1.7857148996881322E-01   3.8573936644594534E-02   5.0217601895946096E-02
         1         11   5.2893041274939727E-03   7.7168013693376158E-01   2.9896434669353450E-01   1.1065856309793223E-01
         1         12   1.8162140592905835E-03   6.0274391300239394E-01   2.3202350303883049E-01   8.7672176302684909E-02
         1         13   3.1338142010743720E-03   5.4909181461868684E-01   1.8029390340074308E-01   7.8377559136255742E-02
         1         14   2.1024152785216756E-09   1.2654824739484732E-01   2.8518829525199800E-03   4.8925663170132959E-03
         1         15   2.4409725746718585E-10   9.7724169027204544E-02   2.4961925243665316E-02   2.0990833253189838E-02
         1         16   6.9799264504026320E-10   1.3207130613194520E-01   2.2273682145592128E-02   3.0399363196227467E-02
         1         17   1.8786268564019895E-02   2.0655095763475814E-01   9.4094901186700844E-02   2.2148637226140747E-02
         1         18   9.3788399409828506E-03   1.5380585011453465E-01   6.4404147673840340E-02   1.8210723982784175E-02
         1         19   9.9936214884224928E-03   1.5798116910122928E-01   7.3873915935586246E-02   2.0930062610696805E-02
         1         20   6.0123349957372829E-01   2.3418264150931103E+00   1.2962543233321406E+00   1.8367194278882101E-01
         1         21   4.8644957813458678E-01   1.6128165845068889E+00   1.0352564230770269E+00   1.6698982938444576E-01
         1         22   4.3274760194623763E-01   1.7130659362645821E+00   9.6495379812707671E-01   1.7403395875592112E-01
         1         23   1.7728201008906375E-01   1.1887400448959691E+00   5.8500500391460530E-01   1.7001083106084475E-01
         1         24   5.1409044841150564E-01   1.3339432676758789E+00   9.0196557110249476E-01   9.3188825670448824E-02
         1         25   3.4313505034159114E-01   9.7149506521088802E-01   6.2377042150990236E-01   8.7602028024796802E-02
         1         26   4.2670980652312079E-01   9.6946638353238968E-01   6.4825625630446104E-01   7.3316463787311534E-02
         1         27   4.3071895847213965E-01   1.9272058153858576E+00   1.0966589403195897E+00   1.4637824318640941E-01
         1         28   3.8621106072392369E-01   1.2711602281091388E+00   7.7379168832091771E-01   1.1053945827804670E-01
         1         29   3.5476815614133295E-01   1.2940021053595470E+00   8.0367513852520345E-01   1.2058587535177563E-01
         1         30   1.5647773513744881E-01   5.0285125382649387E-01   3.1630627209558720E-01   4.4513651330179316E-02
         1         31   8.0919367575182699E-02   3.6278529023306710E-01   2.1158664926941120E-01   4.1166025039374991E-02
         1         32   9.9334808019481385E-02   3.6348276322775308E-01   2.1799409491697938E-01   3.2064063732427941E-02
         1         33   2.8671650188276115E-01   9.5274307578229278E-01   5.8562932001705381E-01   9.2457327789175203E-02
         1         34   1.3128130043794564E-01   7.3799475037910101E-01   4.0178209486213995E-01   9.7545061945025588E-02
         1         35   1.8350474981304885E-01   7.0636586132030621E-01   4.1696372659489839E-01   6.9523095651634476E-02
         1         36   5.1393931179611187E-09   1.4874987345082799E-01   2.6473543815850608E-02   3.5823796627361390E-02
         1         37   2.2684853882851991E-01   1.2565867731997216E+00   7.0787256737144777E-01   1.2945738403153487E-01
         1         38   1.1598185077598959E-01   1.0682528801942617E+00   4.8887411083695370E-01   1.2358541288598603E-01
         1         39   1.7189307082739319E-01   9.6527488198498468E-01   5.3301164376210741E-01   1.1315090221391702E-01
         1         40   2.5059530616501680E+00   4.6220659822080847E+00   3.2988351164329246E+00   2.3708032974346491E-01
         1         41   1.7145160743727339E+00   3.3800739640156485E+00   2.3594204395036003E+00   1.7273118014229685E-01
         1         42   1.5505594672123366E+00   3.0616496823969586E+00   2.1673039704458548E+00   1.5764147881265395E-01
         1         43   3.4941692246667705E-01   1.3674845808367264E+00   8.4633201509592004E-01   1.7198337809553108E-01
         1         44   5.6019462403568510E-01   1.1301636010199334E+00   7.6809169304348568E-01   6.0407295145136868E-02
         1         45   3.5241006579322770E-01   7.6201618509086366E-01   5.1713355977692155E-01   5.3092569697955873E-02
         1         46   3.8162208654556018E-01   7.3323369417553441E-01   5.1639570931298584E-01   4.2880559960674594E-02
         1         47   7.2440435193226545E-04   3.5993679156266761E-01   1.0481144573904533E-01   1.0772033131820685E-01
         1         48   9.6248723377474810E-01   2.1502687685618445E+00   1.4583784788197289E+00   1.3846874574223753E-01
         1         49   6.0882307790011858E-01   1.5118590828302341E+00   9.6931013198225691E-01   1.0649703847911102E-01
         1         50   5.8984777054523330E-01   1.5236469933710524E+00   9.8115643688012288E-01   9.1101345877239781E-02
         1         51   8.8739863244438233E-01   2.6871598060490496E+00   1.7046824442026554E+00   2.2265553555639589E-01
         1         52   4.9363490796159348E-01   1.9224358339067082E+00   1.1394735657617494E+00   2.0165226501118744E-01
         1         53   5.6985940259574097E-01   1.8812164636597157E+00   1.1713357574352745E+00   1.5854623124470521E-01
         1         54   2.8069001711788773E-07   1.8137350460476931E-01   8.5538928137324517E-03   1.0150403486263358E-02
         1         55   6.4990912031958422E-08   1.5257485901161663E-01   4.4931059523815473E-02   3.5653711478168093E-02
         1         56   7.2458032684266904E-01   2.4912291783676168E+00   1.4947327047176724E+00   2.4457244942363021E-01
         1         57   3.7112476087982627E-01   1.9501067650916912E+00   1.0315880316460506E+00   2.5825869730877049E-01
         1         58   4.3510231214477318E-01   1.8570715414263199E+00   1.0815663511667355E+00   1.9081255579705469E-01
         1         59   9.5063610189957341E-08   1.7685161097054335E-02   6.1980581017180548E-04   8.3276419622708856E-04
         1         60   5.0658365447225821E-06   1.9800459929580381E-02   2.6141034418237516E-03   2.2342815020464754E-03
         1         61   5.9697185364164354E-06   2.2289954273355374E-02   1.6247617871863412E-03   2.2838349963775141E-03
         1         62   3.0774006257451217E-09   9.5579466372520960E-03   1.0236941333532867E-03   9.7626805136516827E-04
         1         63   6.4058149513665428E-06   1.2536017756476864E-02   1.0895663177420863E-03   8.7921323268337701E-04
         1         64   4.9052828587858907E-07   2.8113573831968098E-02   1.7100415252701122E-03   1.9526461108120372E-03
         1         65   1.0464572449461277E-07   6.5566078963787593E-03   5.9640574348423646E-04   7.4937505035375896E-04
         1         66   2.0089893808236571E-08   8.7514662444038611E-03   2.3896254295267564E-04   3.7764889422428670E-04
         1         67   8.8912153833957940E-07   1.1442340193116504E-02   8.4908658075259920E-04   9.5876799864062225E-04
         1         68   9.1025327043776229E-07   1.8376199310866516E-02   6.7564974358104120E-04   1.1809086160824937E-03
         1         69   3.8544444697591561E-10   5.1970958506567088E-03   2.2888243660724482E-04   2.8508134523563258E-04
         1         70   9.4370407440553854E-07   8.6604649745187431E-03   4.8846512470917549E-04   5.0501036495226379E-04
         1         71   5.9089941652739040E-09   7.1041016453403261E-03   4.9645372597900076E-04   9.3067295362351892E-04
         1         72   2.8411191615083131E-05   4.3510180029597126E-02   1.1087702733400234E-02   8.3402992896316475E-03
         1         73   2.2115205500722014E-05   4.5084533485998481E-02   5.5872588333163000E-03   7.3440388722556850E-03
         1         74   3.0489719726989046E-08   1.8795502320171225E-02   5.0293027897794218E-03   3.9195683510019740E-03
         1         75   6.5175572863353415E-06   2.2555634465660366E-02   3.6387544437504167E-03   3.5854778617751787E-03
         1         76   7.5633594234302572E-08   3.7053779422949931E-03   3.7287973546827450E-04   4.4086278936855396E-04
         1         77   8.3728273927792326E-10   3.5716073015306985E-03   7.1664152993827510E-05   1.6280885789083345E-04
         1         78   4.7406102219481921E-08   8.0293118812476989E-03   2.8622501621502404E-04   5.2812170703581758E-04
         1         79   4.7052452383143411E-08   1.5358392350262108E-02   2.7816234383240752E-04   6.9751896122213146E-04
         1         80   1.2991402185309009E-11   4.2421807046285915E-03   4.8537495794228981E-05   1.3340748259977770E-04
         1         81   2.9021777597957018E-08   8.1418018246565416E-03   2.3562735440779459E-04   3.5955163413077897E-04
         1         82   1.8913095956526885E-10   6.5506306301832433E-03   3.2926178339582756E-04   7.2269996675960720E-04
         1         83   2.9210698327111529E-07   1.3394557996048473E-02   8.7761930906772026E-04   9.7441053238493311E-04
         1         84   8.9213215893407740E-06   3.2175717506089163E-02   8.6471147555011920E-03   6.4766920578730952E-03
         1         85   1.3391547282921445E-05   3.7231052699056348E-02   4.3925403989658511E-03   5.8605953213249828E-03
         1         86   2.6021154655975800E-08   1.3535250425084806E-02   3.8326130607915874E-03   2.9211863174508162E-03
         1         87   5.0010113006713456E-06   1.7072892270205722E-02   2.8747138012992549E-03   2.8597397221844898E-03
         1         88   4.1671479607233864E-08   1.4729657761222668E-03   1.8441073334785608E-04   2.0523713301375606E-04
         1         89   1.0936701039907658E-06   1.3884870577442721E-02   1.5124810201736854E-03   1.3933091591273076E-03
         1         90   1.6113079835242037E-06   1.7047367150674647E-02   9.2034117086559552E-04   1.4918528282589082E-03
         1         91   4.3751822584605316E-10   6.5781138223608496E-03   6.0335416718848523E-04   5.9984383325624847E-04
         1         92   1.6494107332048955E-06   7.8942842225338469E-03   5.4969489741020559E-04   5.3904264660656061E-04
         1         93   7.8886323366834355E-08   1.6992856464157654E-02   8.0633288930572671E-04   1.0799746793451026E-03
         1         94   1.6061499426538903E-08   3.3662973134506121E-03   2.7008749647375964E-04   3.7834916389293058E-04
         1         95   3.1212777561357560E-09   5.3590858450233009E-03   1.1009553849655968E-04   2.0100034957025654E-04
         1         96   2.0642847224303429E-07   8.3555905778163637E-03   4.4990548730850015E-04   5.6129202883587717E-04
         1         97   2.2482348869657859E-07   1.4185496801666437E-02   3.6235332432522460E-04   7.3596615556553529E-04
         1         98   5.0477874587816228E-11   3.5581400031310675E-03   1.2310413188600648E-04   1.6067010128657599E-04
         1         99   2.3805960437001472E-07   5.8214598997033641E-03   2.3051606775493317E-04   2.8019281410232816E-04
         1        100   1.1567466481075186E-08   1.8852294588007992E-03   1.6374607070052962E-04   2.1778164975251450E-04
         1        101   1.3430638689355050E-10   2.2981125554301499E-03   3.1997255344644618E-05   8.4773208334247853E-05
         1        102   1.1704487002739963E-08   5.6954486958224974E-03   1.4480796965653958E-04   3.0923794361033019E-04
         1        103   1.0648739935871448E-08   1.1959648530685332E-02   1.4919907985539344E-04   4.4114517930032301E-04
         1        104   1.4551551282188242E-12   2.5914515944333474E-03   2.1909170814574209E-05   6.8927614566801013E-05
         1        105   6.7743257388865592E-09   5.5264517710118628E-03   1.0924080064910742E-04   2.0128768879663973E-04
         1        106   2.9045648403318507E-11   4.2701204063386646E-03   1.7748221172363376E-04   4.1701054778723993E-04
         1        107   4.7304871805492884E-08   8.3586532222750792E-03   4.0978589751111065E-04   5.3624103596872173E-04
         1        108   2.3458664625527842E-06   2.3437555947458735E-02   5.5819536242868771E-03   4.4927392713636077E-03
         1        109   3.3473507241255886E-06   2.7546709598624371E-02   2.8474586497122278E-03   4.3706645501424939E-03
         1        110   3.7812665568861312E-09   8.7164378995359913E-03   2.3632374164761737E-03   1.8692657090827744E-03
         1        111   1.0724303913176682E-06   1.1243992843664515E-02   1.5966532142619191E-03   1.8815911148989028E-03
         1        112   6.3215970280989334E-09   7.4021892183074960E-04   7.7690351635962681E-05   9.7747338590333232E-05
         1        113   3.6618373709212724E-10   4.4091274891951563E-03   7.2448811276571375E-05   1.4932444418342544E-04
         1        114   5.5939522590386150E-08   7.5809908189675363E-03   5.8819764034504592E-04   6.1917304754878857E-04
         1        115   1.2579805387455639E-07   1.0245466411859562E-02   3.5832230326904259E-04   7.1770902738783275E-04
         1        116   9.3355723379903635E-12   3.2074932960636186E-03   2.2656176597309641E-04   2.4474657725710416E-04
         1        117   1.1431213950163282E-07   3.5560013203070878E-03   1.6388829961044371E-04   2.3211165451114167E-04
         1        118   3.7636156289939859E-10   1.0553208787677537E-03   6.1627928371214144E-05   1.0296642304830604E-04
         1        119   7.5526076334819118E-11   2.1680196648922881E-03   2.6311021185560650E-05   6.3563710739222482E-05
         1        120   8.4692223956573590E-09   4.6096917238837134E-03   1.4462523690342885E-04   2.1534574324204967E-04
         1        121   1.4352188454492320E-08   8.5938063158997012E-03   1.2128111770102500E-04   3.1716243642146918E-04
         1        122   9.3171304454745302E-13   1.7217056636779312E-03   4.0744841955014620E-05   5.9044107648605131E-05
         1        123   1.6162723733533631E-08   2.6558978670946742E-03   5.7828123531502697E-05   9.5741569678258915E-05
         1        124   2.1212078029377608E-11   1.8432242699749453E-03   7.5622221956142270E-05   1.7489816209139062E-04
         1        125   1.7223269538903492E-09   4.9663194061781843E-03   1.5659156334742281E-04   2.8125805452251253E-04
         1        126   5.7348226816919488E-07   1.8492543949240565E-02   3.2471251592678108E-03   2.9456577814907835E-03
         1        127   3.6929768951553875E-07   2.0320167567714147E-02   1.7211731242936783E-03   3.1725448425955899E-03
         1        128   1.0644897000496964E-10   5.9836033585706190E-03   1.2191171587691057E-03   1.0461544351280689E-03
         1        129   6.7028794112877468E-08   7.2061998317840261E-03   7.0773553028150504E-04   1.0861453457742061E-03
         1        130   2.6925174219864573E-10   5.5396531653713278E-04   3.5303816029526982E-05   5.6745825584837900E-05
         1        131   3.7617288967016825E-12   9.5455526971326089E-04   7.0692811098928737E-06   2.5467904012394425E-05
         1        132   6.1074382020197813E-10   2.9212827820858716E-03   4.0864161235014720E-05   1.1606143271964541E-04
         1        133   5.7978348413228832E-10   7.2955992671583187E-03   4.8053512951993173E-05   1.9429246770564840E-04
         1        134   1.9799614261726162E-14   9.7273639001364137E-04   5.0278925516247575E-06   2.0316477473385608E-05
         1        135   4.2144693302970238E-10   2.5473880321080903E-03   2.5444208899123344E-05   6.8218863739020577E-05
         1        136   6.8135914806353480E-13   1.8176279470493919E-03   5.3560065601950923E-05   1.4339215028445309E-04
         1        137   1.2422373056431635E-09   3.4342910510579152E-03   1.0087550794236957E-04   1.8076714769780611E-04
         1        138   1.7424834988759464E-07   1.3608477796027195E-02   2.5762988850047608E-03   2.3114422985228401E-03
         1        139   2.1328321337356884E-07   1.5846973749925993E-02   1.3842382928741829E-03   2.5434296967048681E-03
         1        140   6.8799737314609041E-11   3.9659828433077143E-03   9.3043041286600548E-04   7.8484820300413346E-04
         1        141   5.0566665948450076E-08   5.2206987404793490E-03   5.5678180778383440E-04   8.4303748334904768E-04
         1        142   1.4486407753667209E-10   2.0227515277454169E-04   1.5474376202498513E-05   2.3677876191092408E-05
         1        143   2.5603666862031165E-13   8.4795729232927514E-04   6.6178430953316351E-06   2.2199883754447673E-05
         1        144   2.4132702830645744E-10   2.9178912560243637E-03   1.3172413128259130E-04   1.7425555706874465E-04
         1        145   7.3822283640982852E-10   3.8206895039597441E-03   8.9154844932411967E-05   2.2770811757485073E-04
         1        146   5.1518211686855431E-15   9.3138202604186086E-04   3.7766737622516944E-05   4.9608158012070283E-05
         1        147   6.3540321584335173E-10   1.2658825127375736E-03   2.3818000669911773E-05   5.6019909056122533E-05
         1        148   2.1390553786078514E-13   1.2915253598882507E-04   4.2791409131502534E-06   9.4399920288729620E-06
         1        149   4.4300005818033218E-14   4.2015188915202312E-04   2.2291363012327475E-06   8.8303068161433300E-06
         1        150   1.7110749053459441E-11   1.4848531390709988E-03   2.3535738467868850E-05   4.6075516817902990E-05
         1        151   7.1456060703296246E-11   3.2188828668782998E-03   2.1611132153545381E-05   7.9883945927737175E-05
         1        152   4.1087967638983027E-16   4.2951137921123581E-04   6.1743477535282845E-06   1.1718529325930694E-05
         1        153   8.9573392788137766E-11   5.6491798767662642E-04   5.8190416552118308E-06   1.6200944259006422E-05
         1        154   1.1996397607598773E-14   3.3459636748377799E-04   7.4013583607079846E-06   2.2150423310472829E-05
         1        155   1.2331416069282659E-12   9.1969479871981184E-04   1.4418436508212021E-05   4.3514027697745184E-05
         1        156   3.0715671338836665E-09   7.7209863575434315E-03   8.5154099493427008E-04   9.1116970252479298E-04
         1        157   1.7258703922023417E-09   7.6640603407074452E-03   5.4003209298348546E-04   1.1908396537320502E-03
         1        158   3.6543237860823320E-14   2.3131878877211973E-03   2.0634185372511309E-04   2.0249076811917335E-04
         1        159   2.6813411224240153E-10   2.2983159237447014E-03   1.2137616270680801E-04   2.4901117388965972E-04
         1        160   1.5132439035915202E-13   6.4847381584513591E-05   2.2284883015681166E-06   4.7715430354429342E-06
         1        161   2.1616360057494617E-15   1.6638978737224726E-04   5.0095969721029506E-07   3.1535070089299477E-06
         1        162   1.3049870519983254E-12   9.4123972373448095E-04   4.4813490432505218E-06   2.1458053745778864E-05
         1        163   2.1035692509458956E-12   2.7399278104924705E-03   6.9797085874240494E-06   4.9133506611383614E-05
         1        164   5.5286780992803039E-18   1.6019245940998374E-04   4.2214297947053390E-07   2.5626122942731861E-06
         1        165   2.2366276660881663E-12   5.4508429390547769E-04   1.8625825520723974E-06   9.8897061922384279E-06
         1        166   3.8601436143122757E-16   3.3188418444928750E-04   5.5001388559304776E-06   1.8769715198690523E-05
         1        167   9.0140604266755463E-13   6.6680673660098272E-04   9.0227158488363857E-06   2.7782331254240220E-05
         1        168   1.3922723484298101E-09   5.2423128795323114E-03   6.7862965051965554E-04   7.1048234467030046E-04
         1        169   9.4867791644460951E-10   5.9310815002441642E-03   4.3541710360542693E-04   9.4779514110599514E-04
         1        170   2.3549539517469267E-14   1.3779288522031549E-03   1.5688831792343583E-04   1.5092387371770348E-04
         1        171   1.2537836458209581E-10   1.5382251464965361E-03   9.3882735095567038E-05   1.8750108901970992E-04
         1        172   7.9229104892531053E-14   2.0441899042144719E-05   8.5415548758260632E-07   1.7363982295097260E-06
         1        173   1.3660234773435763E-19   3.8068407900471655E-05   1.2788237255691400E-07   8.9554494070682995E-07
         1        174   1.6417580221453522E-14   6.0502154531673043E-04   1.1716537354864748E-05   2.2882991392841887E-05
         1        175   1.2112725115823152E-14   6.3956626640825965E-04   1.1234902471149597E-05   3.7213545179089797E-05
         1        176   1.3957733494708113E-21   1.3261446496671747E-04   1.3526837442500969E-06   3.2236058739723862E-06
         1        177   2.5475470682222613E-14   1.7354195748560213E-04   1.1696053710267767E-06   4.5697148259884234E-06
         1        178   2.3124630631782640E-20   1.3261552258076496E-05   1.1903860975507988E-07   5.2794897728209920E-07
         1        179   7.3573587749121684E-20   3.3529901491794457E-06   3.6254042263391706E-08   1.3470192136279362E-07
         1        180   2.0384255853782810E-20   1.9359692699707329E-05   3.9748831823507484E-08   3.2441983850394838E-07
         1        181   2.7113001346258398E-16   1.8092782949678712E-04   1.6692737385983943E-06   4.9133561928042033E-06
         1        182   2.4472842388972421E-15   4.5493496686709641E-04   1.8726009717112753E-06   9.3769678685405875E-06
         1        183   1.2886822798325103E-22   3.7911738223407727E-05   2.2535704411193646E-07   8.5310648802078858E-07
         1        184   3.6917334940949737E-15   5.4555250438651664E-05   2.0987311103162736E-07   1.1032771609168336E-06
         1        185   4.0016947921421624E-21   1.1773509401596091E-05   9.8812617872759098E-08   4.7389942034641640E-07
         1        186   7.0231316231292269E-19   7.2591288564394151E-05   2.8039513909461394E-07   1.8281224557023819E-06
         1        187   1.4727308415718420E-13   1.5992354351176193E-03   7.7590701254398199E-05   1.1082581559135842E-04
         1        188   4.3730477708509701E-14   1.9731719680247980E-03   7.4582033931630263E-05   1.9827484734461940E-04
         1        189   4.4993020896425202E-21   3.4617253902576018E-04   6.9855718659863931E-06   1.0320519377295630E-05
         1        190   5.1690380063705680E-14   2.7589458706077298E-04   5.9657818963889924E-06   1.6636935788439303E-05
         1        191   5.1348897823452907E-20   1.5408073154738695E-06   1.6028050381070854E-08   5.7203856818754416E-08
         1        192   7.4160478419589081E-22   6.0029712209843261E-06   6.8040391289955931E-09   8.9802408783024292E-08
         1        193   5.1967510036499647E-18   1.0191971853450853E-04   1.3399996144747784E-07   1.4056330478149127E-06
         1        194   3.8539602065921451E-17   3.8756780037937872E-04   3.2570066791794363E-07   5.0239061664375908E-06
         1        195   1.0551386409560231E-24   1.0471315542004016E-05   1.0785127311476265E-08   1.2126085096364768E-07
         1        196   9.2677548102669117E-17   2.5045550259521262E-05   2.6392093062572364E-08   3.2172891877352807E-07
         1        197   1.2822754457756799E-22   1.1090092669050206E-05   7.7169972472880601E-08   4.0964144421793661E-07
         1        198   5.2252343159679749E-19   4.8854122802649495E-05   1.7052100764930416E-07   1.1623778419253133E-06
         1        199   3.3598555273057517E-14   9.9062787574909022E-04   6.1242368309642056E-05   8.3967851499191270E-05
         1        200   2.2686024551658937E-14   1.5312548583060175E-03   5.9482433600089899E-05   1.5409262510806290E-04
         1        201   2.8882963514556860E-21   2.0620779042822534E-04   5.2414391260305408E-06   7.3183261021244655E-06
         1        202   9.9029402510355419E-16   1.7703313865626046E-04   4.4780401554692150E-06   1.1867521005637647E-05
         1        203   2.5957584974961048E-20   3.8343946026250689E-07   4.9713067761603227E-09   1.6146473595194779E-08
         1        204   1.4934669043529397E-03   1.6935395269296666E-01   2.2942821930998312E-02   1.3471018107323228E-02
         1        205   5.6068622203908876E-03   1.5787025974617680E-01   4.7415542868683158E-02   2.2416963585651348E-02
         1        206   4.6603163277356592E-03   1.4219928495930065E-01   3.9464325747140011E-02   1.8493439069502061E-02
         1        207   7.2585903578536483E-04   8.7253352779563226E-02   1.5997160150316502E-02   9.8386947560951156E-03
         1        208   7.5939812172784544E-03   9.4624690727901375E-02   3.4157088964152295E-02   1.0228729988501845E-02
         1        209   2.8159416487139651E-02   3.8080324105558661E-01   1.5267096600196386E-01   5.4013030008894972E-02
         1        210   4.3234321619042646E-03   1.0388380667818986E-01   2.6660909142791907E-02   1.2577054351101987E-02
         1        211   3.1581975141039745E-04   8.8929966903276675E-02   1.0318763392491803E-02   7.1578872677457326E-03
         1        212   1.6236142249530456E-03   8.5557787438113167E-02   2.1151233705689151E-02   1.2093662080088276E-02
         1        213   1.3517382827596899E-03   8.1808405611309559E-02   1.8306847326193657E-02   1.0896314959406024E-02
         1        214   1.6450921045317691E-04   5.4192734326271155E-02   6.9222314688212371E-03   5.0972662835768916E-03
         1        215   2.8396002266779180E-03   6.0372537139811340E-02   1.7797724907958501E-02   6.6008421326343289E-03
         1        216   1.2694419609407493E-04   5.3443715973495599E-02   8.7710382991965877E-03   9.7865867035295765E-03
         1        217   6.9416106181346537E-03   2.0221538254615540E-01   4.8260803492857274E-02   2.0789245872551917E-02
         1        218   2.3175256935755766E-02   2.4368109566999699E-01   9.0341721976857609E-02   3.0514349342334521E-02
         1        219   3.7377452506603365E-03   1.1453325926689810E-01   4.4277164605520780E-02   2.0547603748063307E-02
         1        220   1.8977776699030769E-02   1.5683346599187831E-01   7.2346889527697356E-02   2.0243886701583884E-02
         1        221   3.5917337310891334E-03   6.9490543703444096E-02   1.9556465408966047E-02   8.1513855358025800E-03
         1        222   5.7015564864651609E-04   1.1759516830669743E-01   1.3108931668667480E-02   8.7604395426114975E-03
         1        223   2.4756990606036181E-03   1.0294474252916012E-01   2.9110594428630104E-02   1.5457449171511031E-02
         1        224   1.9586856160332729E-03   9.8748658918083237E-02   2.3176496404130682E-02   1.3211816304815086E-02
         1        225   2.4396754729014689E-04   6.2845741600871224E-02   9.9109089922101001E-03   6.7311441389621479E-03
         1        226   3.3581210170525733E-03   6.8661690723458221E-02   2.0056383796105009E-02   6.8883713577607827E-03
         1        227   3.2647148264363290E-04   6.1965121564083535E-02   9.7271049642660961E-03   9.8801486485346809E-03
         1        228   1.7508297319879028E-03   1.1160475290131916E-01   3.6617826086516453E-02   2.0178062653998644E-02
         1        229   1.6797827530371753E-03   6.3944595051238617E-02   1.4833464747657525E-02   8.3667966080464683E-03
         1        230   1.1250931278504614E-04   6.1318469414180315E-02   5.8307818614785701E-03   4.5666892399550164E-03
         1        231   6.9629740108623943E-04   5.9641181241207056E-02   1.2653210220788105E-02   8.1108029966733847E-03
         1        232   5.4075233882942321E-04   5.9371224248779192E-02   1.0734389625174225E-02   7.6719019700457556E-03
         1        233   5.1945433305122284E-05   3.8493158516720631E-02   3.9879492078858589E-03   3.2524434655492808E-03
         1        234   1.2230898297376353E-03   4.4438986173739543E-02   1.0465337542042034E-02   4.4867073938027234E-03
         1        235   2.7144777359610094E-03   1.3905547639708862E-01   2.7627208687097244E-02   1.3836433047525670E-02
         1        236   9.6475932766581004E-03   2.1292113910096119E-01   8.2258054345828321E-02   3.3840785676401121E-02
         1        237   1.0719845465121575E-02   1.7609519599724008E-01   5.4850355836192313E-02   2.4109246924176146E-02
         1        238   8.4293448826862228E-03   1.1188010303987642E-01   4.4452715787209419E-02   1.5282214366280123E-02
         1        239   1.3916946859888345E-03   4.1959077560013748E-02   1.0697789686781593E-02   5.3461703968384379E-03
         1        240   8.9375520828804568E-05   6.2294755957021601E-02   4.8555692981945148E-03   4.0326858266111366E-03
         1        241   5.3947100524255067E-04   5.4912328654510185E-02   1.2631788350391474E-02   8.0360395344178555E-03
         1        242   3.9426284765440277E-04   5.3211321467007466E-02   9.2509517569531862E-03   7.3248335752528048E-03
         1        243   3.0728941908149006E-05   3.4158840736990041E-02   4.4576696392517167E-03   3.4793848913996918E-03
         1        244   7.1548579800056794E-04   3.9330492111568818E-02   7.8049128368725042E-03   3.4179504665494556E-03
         1        245   2.5276986032231032E-04   3.0210243069479479E-02   5.2273896733867264E-03   3.9222780352102674E-03
         1        246   1.6177572526008069E-05   3.1998127841620441E-02   2.1056358674661994E-03   2.0306409354444686E-03
         1        247   1.4171243709859690E-04   3.2021523402545729E-02   5.1525876329403027E-03   3.9950596385736580E-03
         1        248   9.8289291628531118E-05   3.7870393027894959E-02   4.2395453946471109E-03   4.1242156678360700E-03
         1        249   5.8278381374850832E-06   2.0277500278966635E-02   1.5255284502009078E-03   1.4535671388111455E-03
         1        250   2.5279393222873639E-04   2.5862560512393603E-02   4.0263397970802866E-03   2.2283886342459223E-03
         1        251   9.0776198107368261E-06   2.1632048828716069E-02   2.5507853894160041E-03   3.6927368668107918E-03
         1        252   4.5429575136297109E-04   7.3208076878448214E-02   1.0272638610085984E-02   6.6220492186303461E-03
         1        253   2.1471328556586814E-03   1.1875463911279176E-01   4.0356604126840764E-02   2.1492928932031002E-02
         1        254   2.6094263067925863E-03   1.0504630479718997E-01   2.3899303614139656E-02   1.6268421112670458E-02
         1        255   2.2144077447337667E-04   5.2511307354932653E-02   1.6635075850363088E-02   1.0672318210966506E-02
         1        256   1.9174952693282068E-03   6.5053082118768479E-02   1.9138892008934750E-02   9.4457840665887246E-03
         1        257   2.1279573578381300E-04   1.7786021525173615E-02   3.6370707233499711E-03   2.4451721517082950E-03
         2          1   3.3363893468605972E-02   1.1248341215046400E+00   4.8206629561827230E-01   2.0951620104266661E-01
         2          2   4.7912456871267751E-03   5.8335041279907440E-01   2.4642540569839461E-01   1.0899238499546687E-01
         2          3   1.4206145588154348E-02   6.3136464195904662E-01   2.6488190858182648E-01   1.5655716761373797E-01
         2          4   2.2293726005373612E-04   3.4071664554806841E-01   1.2330882144939560E-01   6.5241850562035464E-02
         2          5   5.6070010596251572E-02   5.6139248743546366E-01   2.8727872595157256E-01   6.5922463927788208E-02
         2          6   7.7063233440192135E-03   2.7861879042006604E-01   1.2481262906744719E-01   3.8629839422892470E-02
         2          7   2.3739007622571934E-02   3.1325774204784823E-01   1.4688312353439295E-01   4.1797647436019714E-02
         2          8   7.5859512514873578E-08   1.1345873148887051E-01   3.0600885793033914E-02   1.9088872507653308E-02
         2          9   1.1153002121565281E-02   7.2006303233788949E-01   3.4803525455824585E-01   1.0346304804225663E-01
         2         10   5.1420357841343474E-04   4.4251444248976313E-01   1.8224450898929739E-01   8.6105723114794641E-02
         2         11   2.4990074924549372E-03   3.7867053871388423E-01   1.5420211372558593E-01   6.0359821512492029E-02
         2         12   8.5428360464709437E-09   1.8017270730142193E-01   3.7442887865497973E-02   4.0867632986979326E-02
         2         13   1.5945101003971979E-11   4.2338093517848417E-02   7.8189545624588221E-03   6.0453502493834606E-03
         2         14   2.8867562089841948E-10   8.7328356881277200E-02   1.8549867265597118E-02   1.9968241921867812E-02
         2         15   1.9068791175206393E-02   2.2395812798998249E-01   9.6606221510760509E-02   2.7544478979885181E-02
         2         16   2.7948502660371998E-03   1.5764814376589203E-01   3.9993817864079920E-02   1.9130205935805906E-02
         2         17   1.9036489136035242E-03   1.5464093815442548E-01   6.5332962213817541E-02   2.3777913100638828E-02
         2         18   3.7645374565715028E-01   1.2914570601799056E+00   8.1531575570307202E-01   1.3154015712230857E-01
         2         19   4.9612901153419514E-01   1.5780156978429076E+00   9.5706448254627574E-01   1.6557931239556198E-01
         2         20   2.9802639811442411E-01   1.7928494284933010E+00   9.9106601147199191E-01   2.2900832619124975E-01
         2         21   3.2608431017910350E-01   9.0264881821029752E-01   5.4064296869411288E-01   8.0313950193465392E-02
         2         22   4.2946605487157680E-01   1.0030505740044815E+00   6.5879398686285340E-01   7.5109326152111008E-02
         2         23   5.7653833168655988E-01   1.9844807203660677E+00   1.1606875324813763E+00   1.7829324492757043E-01
         2         24   3.1043599426575680E-01   1.2058392174021910E+00   5.6985179848724854E-01   1.1820074183112143E-01
         2         25   3.6932425993963097E-01   1.3231927911690122E+00   7.5830649145127893E-01   1.4374654684493904E-01
         2         26   1.6000415190578696E-01   4.6674319016389826E-01   3.1737997390411665E-01   4.0995212519981360E-02
         2         27   7.8966918587141818E-02   3.5954686769928429E-01   2.1955173108929502E-01   3.6133805766233353E-02
         2         28   1.1823624554061295E-01   3.5411907488018152E-01   2.3265023502650242E-01   2.9879803280527608E-02
         2         29   1.5152151354797246E-06   1.9407097135990797E-01   5.1871559695203323E-02   5.3811210513331230E-02
         2         30   3.0244891611372121E-01   9.3261615793846875E-01   6.0267314229320945E-01   9.2820885526720007E-02
         2         31   1.3299907879006179E-01   7.4557763962743595E-01   3.8463245789153494E-01   8.1320531082128805E-02
         2         32   2.3674230176686256E-01   6.8579172516132925E-01   4.5436268306409444E-01   6.4509170985165565E-02
         2         33   2.4140842485138445E-01   1.4666938327015038E+00   7.3331116625543058E-01   1.4855532434771965E-01
         2         34   7.6801731073646129E-02   9.0129335242520880E-01   3.7973584093122048E-01   1.3418431741836168E-01
         2         35   2.0631606149090412E-01   1.0379968414663430E+00   5.4625963110350595E-01   1.1502890838980562E-01
         2         36   2.5779482224197312E+00   4.9955483926134265E+00   3.6102976402385516E+00   2.4576553732488060E-01
         2         37   1.7383274767315795E+00   3.0196913649474815E+00   2.1051441415936791E+00   1.3769129683489287E-01
         2         38   1.8062832177057424E+00   3.2776037821993000E+00   2.3602571778838937E+00   1.6842917246753056E-01
         2         39   1.7823318810001019E+00   4.0221831029962472E+00   2.8081777674977473E+00   2.3761254224846645E-01
         2         40   5.6285007228823480E-01   1.1208890903866615E+00   7.7570033966538310E-01   6.2370550224818661E-02
         2         41   3.8133175621438353E-01   7.2591902156373689E-01   5.2568021675753196E-01   5.1330100780239349E-02
         2         42   3.7892228985208287E-01   7.2091560312598713E-01   5.0669487735671248E-01   3.9527553422201545E-02
         2         43   9.8478164269552204E-01   2.1053106314280159E+00   1.4539651979733852E+00   1.2660142130397956E-01
         2         44   6.2878424255005161E-01   1.3596052515525330E+00   1.0165324615688482E+00   1.2560556695259700E-01
         2         45   6.3183265980145720E-01   1.4338534417069759E+00   9.8593740706610966E-01   8.5167279339586982E-02
         2         46   8.3811668589737286E-05   4.6224089662541806E-01   1.2601125442379676E-01   1.1797515631206820E-01
         2         47   9.0729486483673871E-01   2.4379441693306489E+00   1.7092103486426236E+00   2.0367316223196386E-01
         2         48   4.7896079257525015E-01   1.8973900269695549E+00   1.1840106470342360E+00   1.8072296813130426E-01
         2         49   6.7050684641005054E-01   1.8415982218645754E+00   1.2427847383615998E+00   1.4633506568945134E-01
         2         50   8.8775462813767657E-07   2.9198923931997528E-01   6.7396589285723216E-02   7.0541523534127931E-02
         2         51   1.2396605565147362E-08   8.5491222533269101E-02   1.9793141018747303E-02   1.3297284140619968E-02
         2         52   8.3305933605126757E-08   1.5146127022365413E-01   3.6922825253996143E-02   3.8900982805970229E-02
         2         53   7.5747796537669709E-01   2.6506889463984429E+00   1.5473820474690763E+00   2.5519682422391227E-01
         2         54   3.3474206689273572E-01   1.8133837226720200E+00   9.3602695374297162E-01   2.3150911163878521E-01
         2         55   5.6837144743712120E-01   1.8322055481418889E+00   1.1715218994164296E+00   1.7885468133270391E-01
         2         56   6.6608719809739969E-07   2.6153798601984513E-02   7.2120212075699784E-03   6.6663920862718596E-03
         2         57   1.9347130497824579E-05   1.8178840476113848E-02   2.0001638942805009E-03   1.5506473136820650E-03
         2         58   1.4555971961859318E-10   6.8990345319858591E-03   6.3425848031080660E-04   7.4682845666278923E-04
         2         59   9.1678409397575406E-07   8.5991797233888230E-03   1.7496212001811247E-03   1.9791448688714175E-03
         2         60   2.7076523541622544E-08   1.3218604612076979E-02   1.5835076220052330E-03   2.0520306968335980E-03
         2         61   5.6179938229617899E-07   6.0550883167488967E-02   5.8275967601991796E-03   5.6668516430024322E-03
         2         62   7.8406522206524433E-06   1.0699635093990519E-02   2.8333764919940083E-03   2.3908244409588161E-03
         2         63   1.7799463697379638E-07   5.0455813222958657E-03   6.9200241661335682E-04   7.0719181191271265E-04
         2         64   2.4435546131817208E-09   2.7131598222791539E-02   3.4778323294907963E-03   4.3918430811023665E-03
         2         65   5.4207089460328865E-08   1.4936234572646652E-02   4.3335826392281399E-03   4.3405665857245788E-03
         2         66   3.1265399768241319E-06   9.7539891340997706E-03   9.3007550708894173E-04   7.6057323426292510E-04
         2         67   1.3673727608339788E-11   4.1688810581824902E-03   3.5446246134790947E-04   4.9346213859319461E-04
         2         68   2.1752000623220154E-07   6.0187637569300272E-03   1.1730800959105004E-03   1.5430323531884919E-03
         2         69   4.3151475905157333E-07   3.9774583828308209E-02   3.5329085726678064E-03   3.2207545315876052E-03
         2         70   7.9991793700823019E-06   3.2340023358288790E-02   1.0452966083724433E-02   5.3317267665809907E-03
         2         71   4.0566481660360662E-05   2.4679732315082983E-02   4.9238806503160626E-03   4.4135706535988247E-03
         2         72   9.1247015649465108E-10   8.0593107335792911E-03   1.3107957822954489E-03   1.0194076855459574E-03
         2         73   1.5565702883382228E-07   2.5302189861349444E-03   3.2624024955288714E-04   2.9768606909002908E-04
         2         74   1.2390307359918745E-10   1.4356711224038607E-02   1.5530615401441118E-03   2.1074965024454346E-03
         2         75   1.9105499460093595E-09   9.9566020261633945E-03   2.0423874637615588E-03   2.1036243349385770E-03
         2         76   3.4479827808270003E-07   5.0568252855814752E-03   3.4941747089761163E-04   3.3077223135331613E-04
         2         77   1.0833450162350171E-13   3.2564145588558800E-03   1.6792542289588666E-04   2.7131250217414125E-04
         2         78   3.2975347868580741E-08   5.2331022585777390E-03   6.6276207637253200E-04   9.4981838018998622E-04
         2         79   2.8822796040067389E-10   8.3092172793593922E-03   8.1505534076630555E-04   1.3648695374878644E-03
         2         80   2.6558668351703518E-07   2.2115201243778661E-02   1.8489546438296978E-03   1.6555900428480493E-03
         2         81   6.9225696919954262E-06   2.5415306168349788E-02   8.0683828601368530E-03   4.1318686697167347E-03
         2         82   2.3750226807381020E-05   1.8143342409102016E-02   3.7656052804230914E-03   3.5824762682620808E-03
         2         83   6.5722635751976566E-10   5.7338198648572980E-03   1.0287688071974430E-03   8.0079808558686000E-04
         2         84   3.7164204123566666E-06   8.2763713897219572E-03   1.8139886310495510E-03   2.1525163765143333E-03
         2         85   1.2118402733565785E-07   1.3495259396023040E-03   1.3697777629070022E-04   1.2573398710836507E-04
         2         86   6.5439239542185271E-09   3.1314145898182440E-02   3.8003745234856598E-03   4.7849819826520706E-03
         2         87   1.3855618810292724E-07   1.7629151717377927E-02   4.4402132444085803E-03   4.2154026561975616E-03
         2         88   5.5561098161755494E-06   1.1808738130607515E-02   9.8270623028000239E-04   8.7760834152342964E-04
         2         89   1.8181745644098198E-07   5.3319645486948411E-03   9.6456020597697576E-04   1.1518986863323980E-03
         2         90   4.2351318329929427E-09   8.5670240536211851E-03   9.5711164787293625E-04   1.2762386570665670E-03
         2         91   1.8498855555574151E-06   2.4922064291043509E-02   8.1022006858826583E-03   4.5648621591192519E-03
         2         92   7.6782215599896608E-07   6.3548710229969635E-03   4.3856031269108266E-04   4.0547329607817185E-04
         2         93   2.3776619645729499E-12   2.4099428441894579E-03   1.8973575158739289E-04   2.7241238938419669E-04
         2         94   4.0481142733561829E-08   3.7588206016032706E-03   6.5699229717274042E-04   8.9773807410845291E-04
         2         95   7.1983756717175590E-08   2.6858657436118313E-02   1.9806073577309006E-03   2.0668464220523035E-03
         2         96   1.0241153154666389E-10   5.2314903655414496E-03   7.0273326727615573E-04   5.8588883125260593E-04
         2         97   1.4750655832331192E-06   5.8246393056965769E-03   1.2187083485076878E-03   1.3652483442899140E-03
         2         98   2.6260989264706487E-08   1.3447740591468673E-03   1.4999418099163398E-04   1.5292825873096521E-04
         2         99   1.6400128695605173E-11   1.0646760513374836E-02   1.0308464112687972E-03   1.4464761989183164E-03
         2        100   2.8376345539434579E-10   6.8203304591263241E-03   1.2713691153694877E-03   1.3416271273847167E-03
         2        101   8.3629183377748639E-08   3.2369554819238291E-03   1.5872037687402320E-04   1.6814196949454946E-04
         2        102   1.8280087185232908E-14   1.9600918101479051E-03   8.9855615516019812E-05   1.4948514052726120E-04
         2        103   6.1314015227814584E-09   3.2904772104265525E-03   3.7643220642691414E-04   5.5428245040042769E-04
         2        104   3.8980234853957919E-11   5.6465481243391383E-03   5.0794481128774312E-04   8.6321058246965681E-04
         2        105   4.3875704420528122E-08   1.4656564645122506E-02   9.5914127593318358E-04   9.9960792723095739E-04
         2        106   1.4949451806592784E-06   1.5956703282833745E-02   4.9230995908161974E-03   2.6808311086690419E-03
         2        107   5.9088235559214135E-06   1.2807388258411937E-02   2.1952193180710591E-03   2.4365186651422364E-03
         2        108   7.1892274225638332E-11   3.4486560309397686E-03   5.5125613619771551E-04   4.5642653546932292E-04
         2        109   7.7878667112707897E-07   5.1101500178197959E-03   9.8916853833177815E-04   1.2412061873184614E-03
         2        110   2.0693361755734397E-08   6.6921135246470289E-04   5.4501143405563905E-05   5.5786884016600839E-05
         2        111   5.2887228972540176E-07   5.2471506400064011E-03   2.6580026653766266E-04   3.1007593535135875E-04
         2        112   1.7972394142340432E-13   1.6051781258750472E-03   9.9948097022677028E-05   1.3344424273271425E-04
         2        113   7.5840727571940985E-09   2.1067700544060023E-03   3.0616103051112374E-04   3.9378129895402864E-04
         2        114   2.6794646650173879E-09   2.0827194907805668E-02   1.4074045662033957E-03   1.8459517815740012E-03
         2        115   8.6778257247414820E-08   1.1640464060918520E-02   3.1473529640761097E-03   1.9355846405144234E-03
         2        116   1.4407428481678840E-12   2.9229232561104566E-03   2.5156918749839955E-04   2.4719777665193992E-04
         2        117   1.0020014160963371E-07   2.4115157911342700E-03   4.7074072388370844E-04   4.6584763991828809E-04
         2        118   7.7107488214002433E-10   1.3624999857741360E-03   1.1103004510819015E-04   1.5159498303102641E-04
         2        119   1.0930859659059906E-11   1.1555455394371019E-02   1.1207739769191619E-03   1.5459025806872505E-03
         2        120   4.0130526676826119E-10   4.6398577632686174E-03   1.0654343692846878E-03   1.1277996443971984E-03
         2        121   5.2348324523300625E-08   2.8433924264575231E-03   1.0602653986000265E-04   1.2794545883352195E-04
         2        122   3.5578062154463951E-14   8.2969452349126570E-04   5.5445168704106459E-05   8.4862114634982850E-05
         2        123   1.5406757558917698E-11   2.7084093306451958E-03   2.8849516127472838E-04   4.2517976551419080E-04
         2        124   8.0973048227930817E-08   9.5806285768766774E-03   2.4656527511560497E-03   1.4764480864656493E-03
         2        125   7.1553039011052752E-07   8.7945379297482106E-03   1.0409520157410119E-03   1.3833693183027830E-03
         2        126   6.5129465072631345E-10   4.0385650007783788E-04   3.8161161344772093E-05   4.8387572022209056E-05
         2        127   2.8980195667480334E-13   6.2493924412366907E-03   4.9231007474849042E-04   7.2274299443570637E-04
         2        128   6.6406002274466063E-12   3.2600356832613287E-03   5.0447494713923757E-04   5.5450064575200025E-04
         2        129   3.9582968501664057E-09   1.3422747716698878E-03   3.5185402675112563E-05   4.8970426222320466E-05
         2        130   5.1495700621497096E-16   7.1232834786407666E-04   2.6115003822258499E-05   4.6220384095167572E-05
         2        131   2.1170174399896491E-10   1.3144097786551797E-03   1.2381911733749107E-04   1.9052911500334443E-04
         2        132   7.1562597588572580E-13   2.6123201058333135E-03   1.9853108357989295E-04   3.4678366773866355E-04
         2        133   1.2128039833901043E-09   6.9203775700646241E-03   2.9512271001649242E-04   4.1241607962561445E-04
         2        134   7.0923696862063510E-08   8.2709663405818694E-03   1.9193182308516279E-03   1.1677244836335644E-03
         2        135   3.7981773670682540E-07   6.5240648952896484E-03   8.4505501222152332E-04   1.1578663288883202E-03
         2        136   8.6255374945601984E-13   1.4656949755618030E-03   1.6184876652635647E-04   1.5285147277996087E-04
         2        137   3.5760768765880471E-08   1.9944645527999170E-03   3.0980203267578479E-04   4.1970435977442381E-04
         2        138   4.7193284496827783E-10   1.7019765382621387E-04   9.7659625768643793E-06   1.2154025835803045E-05
         2        139   1.4731307012820226E-11   2.0414746591724043E-03   2.9551245679266061E-04   3.1298405640908670E-04
         2        140   3.4733843350782602E-09   1.1675907074910829E-03   2.9541162346262299E-05   5.3698842233063070E-05
         2        141   3.7187808493747465E-17   2.7910978659189794E-04   9.4011236997397183E-06   1.6282624205655667E-05
         2        142   1.7404498705061694E-11   3.4444419401767374E-04   3.3904228145501331E-05   4.8042876370823545E-05
         2        143   2.3329266044136563E-12   8.7018412727446447E-03   3.3285748937208012E-04   5.5541981667830390E-04
         2        144   2.1121812600813838E-10   3.4616514725044891E-03   5.3159048685719537E-04   3.8825722652851522E-04
         2        145   3.9770660768704909E-13   2.5256183874586041E-04   1.4556126742695634E-05   2.3845542215138825E-05
         2        146   1.3529726103635717E-14   3.9715694632699271E-03   3.0460828551748167E-04   4.5400247293931126E-04
         2        147   1.0281014048232437E-12   1.2893099105337578E-03   1.7982982782810132E-04   2.0314353728228195E-04
         2        148   4.3470582121676777E-10   6.3955344396165298E-04   8.6019062822580811E-06   1.8736592210178454E-05
         2        149   4.1381199994577828E-18   1.1333653906843598E-04   5.0666018724555529E-06   9.0552135289542945E-06
         2        150   2.0339313280250604E-12   2.4549852211594003E-04   2.3863088122497816E-05   3.7332994690330056E-05
         2        151   9.8261412047329616E-15   5.7905106218930581E-04   4.4467631910625652E-05   6.9410011630373979E-05
         2        152   1.7391656229315069E-12   5.8162888584287553E-03   1.5173312498795353E-04   2.8071702406540726E-04
         2        153   3.8666766098423776E-09   3.0202599292798835E-03   1.9430926517686307E-04   3.3239231313508718E-04
         2        154   1.8567108275275889E-16   4.9423962786226993E-04   1.9564083083819153E-05   2.8955942383095807E-05
         2        155   2.5450199470903952E-10   3.6128228300612520E-04   4.0935651805054158E-05   5.5843727069766630E-05
         2        156   3.4214756145719951E-13   7.1993136043136961E-05   4.1045659112557364E-06   7.0302295677186442E-06
         2        157   1.0318524638473109E-16   2.2408277005442493E-03   1.3124069858695477E-04   2.0411167932968106E-04
         2        158   5.6358187552253235E-15   7.7180957753681789E-04   8.4520931214041557E-05   1.0065046089868485E-04
         2        159   1.0383905834938140E-11   2.3703545493235096E-04   2.3332323327503174E-06   6.5649016869627834E-06
         2        160   1.8702207582775686E-19   9.5094674751809922E-05   2.3280693909908849E-06   4.7346542153128069E-06
         2        161   2.6307522564811953E-13   2.1352296891475502E-04   1.4086451672443974E-05   2.3495298212610131E-05
         2        162   2.6990325311145266E-16   5.6477838779398284E-04   3.1019353141069747E-05   5.7268238919132906E-05
         2        163   1.0027696484839540E-12   3.0974709310219038E-03   4.5091550704862082E-05   1.0584212579388865E-04
         2        164   1.7364801169043774E-10   2.4333806238474578E-03   3.2345062233299311E-04   2.4311237951995341E-04
         2        165   1.8272358444913553E-09   2.2506337296547699E-03   1.6412825567280851E-04   2.8155174150980950E-04
         2        166   1.3910772808388437E-16   2.9950594758276072E-04   1.5060666745706873E-05   1.9993732235357305E-05
         2        167   9.1219044313541545E-11   3.2084666520825188E-04   3.3940208165665149E-05   5.0744895706358660E-05
         2        168   2.5617863393950480E-13   1.7918537164994113E-05   5.4251410069994790E-07   9.4747523679274077E-07
         2        169   1.0678271959258115E-16   2.5576286636980097E-04   9.9851853237078772E-06   1.3288248709399245E-05
         2        170   1.5664575967581724E-13   7.7417463281927558E-05   1.0389363311581272E-06   3.2156690981690766E-06
         2        171   7.7937394796599320E-25   1.2819240836833597E-05   1.1334815370335395E-07   4.9563717422612331E-07
         2        172   1.8202215449156273E-16   9.4930788971545452E-06   4.7780165244800818E-07   8.1670570588076211E-07
         2        173   1.9758942879503661E-18   1.7990088716666570E-03   3.0347008867797443E-05   7.0661862395015080E-05
         2        174   8.5652066149302570E-24   3.4781487105568728E-05   3.0026641647560667E-07   1.4065733984528885E-06
         2        175   4.8656100545285379E-15   1.0672561115206811E-05   7.1336887604653820E-07   1.0007534388806643E-06
         2        176   1.3151966685136799E-19   9.3336010891446249E-06   3.4238835790056761E-07   6.6828718313402074E-07
         2        177   3.5655201072623219E-20   5.9967985631064510E-04   2.7172769413211163E-05   4.7759354646171582E-05
         2        178   6.7277294614616799E-18   1.1236453719070684E-04   5.9300262654267384E-06   8.1973234769855519E-06
         2        179   4.1713125772154199E-14   3.8011334624045709E-05   1.6636283516111387E-07   8.7276655675799110E-07
         2        180   1.0940187056590069E-25   3.9962347684358017E-06   5.3274109956141104E-08   1.6776562066916486E-07
         2        181   8.7783425885491457E-18   6.7755322087197575E-06   3.3750219657144217E-07   6.3035934329093722E-07
         2        182   2.4697920452379112E-21   2.7171557128985884E-05   1.1180758747441558E-06   1.9874323192046710E-06
         2        183   1.4432866199253549E-18   1.2538562488551991E-03   1.3350910479659061E-05   3.8026462222253472E-05
         2        184   1.4059101130949334E-15   4.5404048551688056E-04   1.4356402549134940E-05   1.7236808408940049E-05
         2        185   1.4799982274597875E-13   4.1863911412497184E-04   1.0231169463961234E-05   2.3897360730357343E-05
         2        186   7.8952345375301635E-24   2.6580426368440377E-05   2.4019237272839382E-07   1.0688066965834623E-06
         2        187   4.6923662426255224E-15   1.0088962111193512E-05   5.7306942016997198E-07   9.5174523981565802E-07
         2        188   1.1566101752235249E-19   3.1664919899915966E-06   9.0167131395903505E-08   1.9813827096612332E-07
         2        189   4.7941588024485658E-23   2.9461744451769327E-04   1.1161022323201593E-05   1.9704084294365382E-05
         2        190   2.2035304834692077E-20   4.5681770709471773E-05   2.7076647505683703E-06   3.9861835015092170E-06
         2        191   3.8871447697301621E-16   1.3597283986139025E-05   2.8684111530213763E-08   2.6814858140500204E-07
         2        192   3.7537027341709856E-27   1.7006889750119934E-06   2.1537007909086583E-08   6.0239679058705963E-08
         2        193   4.4689444988662954E-19   5.6411049579988900E-06   2.0033253528052286E-07   4.0526866514802224E-07
         2        194   6.8354851029459354E-23   2.6588363571940119E-05   7.8984597559517454E-07   1.6577440804214851E-06
         2        195   7.9060932045904005E-19   7.0150847123118677E-04   3.2393024112133757E-06   1.4745227318419002E-05
         2        196   1.2284585362672884E-15   3.5462349319598631E-04   1.1010271271814439E-05   1.3425819513101531E-05
         2        197   5.9781293963628709E-14   3.1988948272554282E-04   8.7844267556419424E-06   2.0049019217112484E-05
         2        198   6.8107071527261166E-24   1.5804597841688267E-05   1.7258811990351820E-07   6.3609364373597174E-07
         2        199   1.0110299974873175E-15   9.0191488412400121E-06   4.7590761540857985E-07   8.5603850557922057E-07
         2        200   8.9895756132224948E-20   4.3765906192591389E-07   7.6745732215526595E-09   2.1201187839279875E-08
         2        201   3.1479219000073921E-03   1.6730447946640062E-01   6.4293513979616135E-02   4.0068698261032223E-02
         2        202   1.3032314589868475E-02   1.3460469861737326E-01   5.4642142288791912E-02   1.6965251233414996E-02
         2        203   3.4329245489175185E-04   5.6346609986226100E-02   9.8689717107436487E-03   7.7046012174076910E-03
         2        204   5.5038788428141174E-03   7.7611153573525271E-02   2.9481391837276466E-02   1.4621233693846634E-02
         2        205   1.0184440166536914E-02   3.8081099611321312E-01   9.5260816356844358E-02   3.8223786563519942E-02
         2        206   4.1962171426732663E-02   2.9349975951970281E-01   1.2965287153327323E-01   3.1834708142003003E-02
         2        207   4.8768918897315189E-03   8.3877733997839501E-02   2.5597787637708189E-02   1.1420916407100180E-02
         2        208   4.6568198514930709E-04   1.3750557600166372E-01   3.0105502070726282E-02   2.4094779408870542E-02
         2        209   6.2196992689252876E-04   9.5521859542449530E-02   3.5186295038327445E-02   2.5377367219446702E-02
         2        210   4.8478581965310632E-03   7.2351509524854793E-02   2.7750296645369227E-02   1.0232517103728156E-02
         2        211   6.0257164109537736E-05   3.5949214271418679E-02   5.3265287459136603E-03   5.1888660565614824E-03
         2        212   2.1825976086643369E-03   4.9132340868703113E-02   1.6784459521686172E-02   1.1119339003951092E-02
         2        213   1.7302537556805001E-04   5.0722840639976979E-02   1.0064155920421923E-02   1.0645437235857268E-02
         2        214   8.7656808619157259E-03   2.7032037425838390E-01   7.0562253131429692E-02   2.5827535865575471E-02
         2        215   1.9321620733051020E-02   2.5118325078971893E-01   1.1464702739109280E-01   3.2439084386524229E-02
         2        216   1.8855766850196475E-03   6.4801865351728993E-02   2.0185545990496070E-02   8.2824332455459122E-03
         2        217   1.3961426486778146E-02   1.1057978269901624E-01   4.9778723510411051E-02   1.8815649875928452E-02
         2        218   4.1046096929110163E-03   5.9070016789396648E-02   1.8575117634865912E-02   7.4950487628966268E-03
         2        219   1.2376999025707799E-03   1.1709876192550206E-01   4.4429420894145664E-02   3.0788417563275012E-02
         2        220   6.0875644793510781E-03   9.6569518050365455E-02   3.2946628824685707E-02   1.1936186253815852E-02
         2        221   1.1540659932950473E-04   4.0949333276329984E-02   6.2677188617483578E-03   5.4392030498681132E-03
         2        222   2.4741751421939670E-03   5.2130390123905725E-02   1.8411361009611635E-02   1.1048575047189252E-02
         2        223   3.9184599799155151E-03   2.7879963453599776E-01   5.9090832285972700E-02   2.8167135232905524E-02
         2        224   1.8306768438826988E-03   5.0549137488124930E-02   1.4227291832695653E-02   7.4522172486145106E-03
         2        225   1.5785038635032507E-04   1.0484709105356070E-01   2.0599386406349424E-02   1.8456837213582579E-02
         2        226   2.3095326782985689E-04   6.9723488438555373E-02   2.4890241805571083E-02   1.9592418879330210E-02
         2        227   2.1553214387030656E-03   5.2083238615263122E-02   1.6783005410581756E-02   7.0974608594771100E-03
         2        228   1.9105519303530449E-05   2.6308900299657795E-02   3.4298380103192387E-03   3.6700944711812507E-03
         2        229   9.2969235124453246E-04   3.3787970551111476E-02   1.0827973981426639E-02   8.5017486544551359E-03
         2        230   6.6870116037608208E-05   3.8547157202581589E-02   7.0474117350680602E-03   8.1165214716061237E-03
         2        231   3.3815167416518521E-03   1.9529543222764587E-01   4.2911526241569499E-02   1.8528341820840521E-02
         2        232   8.4840787862868784E-03   1.8220058374867687E-01   7.5617605253459466E-02   2.4561580079322489E-02
         2        233   1.5729800213557549E-02   1.4979307588425486E-01   6.2039966517276432E-02   1.8787875790451151E-02
         2        234   6.5137262036218024E-04   4.7123275515496318E-02   1.2841690332191591E-02   6.1355224414614117E-03
         2        235   6.0727782770490539E-03   7.0426412177344508E-02   2.9630778447287461E-02   1.4086733412727530E-02
         2        236   1.5464713727608432E-03   3.4981680736237107E-02   1.0010566499919519E-02   4.7282171250281951E-03
         2        237   1.4427108463635878E-03   5.4998273724621426E-02   1.3404270971925964E-02   6.2481100801721401E-03
         2        238   1.3762825148029346E-05   2.3167477338972422E-02   2.9170061292824985E-03   2.8979564521917148E-03
         2        239   5.3091188770612813E-04   2.7796061850214295E-02   8.2905651478260046E-03   6.5405240777080534E-03
         2        240   5.4443975245575344E-05   3.4831982736838574E-02   5.7041989699484433E-03   6.3058763656788207E-03
         2        241   6.2431723441810244E-04   1.6555374604221490E-01   2.6261121128175156E-02   1.6524233622841739E-02
         2        242   4.3777520116947462E-03   9.2833968277599460E-02   3.2679295856473251E-02   1.4073200154083695E-02
         2        243   1.0170224408861191E-04   3.0670744589012495E-02   7.2913331302952170E-03   4.2922953442277555E-03
         2        244   1.7706263349100784E-03   4.0807720799856353E-02   1.5444254378917865E-02   8.2895930844505243E-03
         2        245   2.0034779118525170E-05   6.6018518356931455E-02   1.1036479756168146E-02   1.1553197790912668E-02
         2        246   4.7225603198693659E-04   2.9702685865385357E-02   6.7950780642916948E-03   3.5647197087438800E-03
         2        247   2.1514998910824737E-06   1.4851157445622182E-02   1.6212179719513496E-03   1.9535289621974059E-03
         2        248   1.8558364620305286E-04   1.9186115647685482E-02   5.1376972731222662E-03   5.0870000614403974E-03
         2        249   1.0105136458124616E-05   2.5272237649727764E-02   3.9151359254489754E-03   4.9813148760904724E-03
         2        250   5.4079134453601527E-04   1.1334572215864716E-01   1.8208027116505904E-02   1.0345822070888468E-02
         2        251   1.8306050301745370E-03   1.0338262665367454E-01   3.8011667198349440E-02   1.4998351234290516E-02
         2        252   2.4357602409088246E-04   1.3507239663539788E-02   3.3258284761839788E-03   2.0022612480609116E-03
         3          1   3.7225692074823555E-02   1.0330917102967663E+00   3.7984628785140634E-01   1.7434828565729718E-01
         3          2   1.2930477941423732E-02   5.0137337891611811E-01   2.6488190858182642E-01   7.7323237823896260E-02
         3          3   1.2118507748023123E-02   3.0582274016534255E-01   1.3272525317294254E-01   3.6597427856965487E-02
         3          4   2.4089171103637138E-03   3.2560455822795309E-01   1.7491938877231727E-01   6.0880991657024222E-02
         3          5   1.2770492644051572E-04   4.1181872483515548E-02   1.1777255245394186E-02   4.9764478675000633E-03
         3          6   5.6865845286706372E-02   5.0138035670341174E-01   2.7061510991505816E-01   6.1884598196203698E-02
         3          7   2.1364196852258471E-02   3.3873674853361568E-01   1.4688312353439292E-01   4.3016530873978803E-02
         3          8   2.0294604740226818E-02   3.3095793584048028E-01   1.6361445959128620E-01   4.0822342377865917E-02
         3          9   6.8515748291272672E-05   4.1567468027031290E-01   8.8520872798503833E-02   9.8257808764996943E-02
         3         10   8.0671022829297159E-06   1.4094826123799484E-01   6.9600510951700334E-02   3.2353732303881312E-02
         3         11   8.1233982994701904E-07   6.5697793700224636E-03   9.9055832705577775E-04   6.0021431207761219E-04
         3         12   2.1805248973974420E-06   3.0418509926759424E-01   5.7860904966891794E-02   7.1609715734757690E-02
         3         13   1.3666488247166811E-02   6.7230336410882507E-01   2.7044085510111465E-01   9.3890066947677542E-02
         3         14   2.2742843501539914E-03   4.6295889312843208E-01   1.5420211372558593E-01   5.5097659790422394E-02
         3         15   2.5903181143733132E-03   3.6162256554895195E-01   1.3700512478452215E-01   4.6892542654214664E-02
         3         16   1.1071265544277783E-08   2.0334116634259572E-01   3.3410523218388187E-02   4.4452276019070147E-02
         3         17   3.3124648441597820E-10   6.0820417633488194E-02   1.8549867265597125E-02   1.1481077965761186E-02
         3         18   6.6670830510361498E-10   5.7298405067173668E-04   3.5774531767595635E-05   3.3223590668663446E-05
         3         19   2.4712275234146916E-02   2.1658443772383185E-01   1.1081087390337939E-01   2.5180890710337005E-02
         3         20   5.3238982292356067E-03   1.5457476454219654E-01   6.5332962213817541E-02   1.9881419460818877E-02
         3         21   1.5072941756766734E-02   1.5960729627438466E-01   7.2106148097987127E-02   1.8202462035264093E-02
         3         22   6.4598177892333131E-01   2.4988436676205792E+00   1.4474306971906152E+00   2.1256164238436792E-01
         3         23   4.6859074868086908E-01   1.4880871469632866E+00   9.5706448254627574E-01   1.1740545928791164E-01
         3         24   4.4029584135626115E-01   1.2505136496918303E+00   7.6920750299612572E-01   1.0075932718303117E-01
         3         25   2.3542575068512242E-01   1.6506825996898637E+00   7.9919810895675847E-01   1.9753156033406594E-01
         3         26   1.1731595866804169E-01   7.6920310289760252E-01   4.4026967110295850E-01   9.1236759148250274E-02
         3         27   5.3992806269144311E-01   1.4285226637301809E+00   9.7238438445669195E-01   9.5130837326410422E-02
         3         28   4.4091171886605385E-01   9.5373694099010986E-01   6.5879398686285329E-01   6.7467033232331997E-02
         3         29   4.1454111247399622E-01   8.6320588282260313E-01   5.9567923902020159E-01   5.7850331148839647E-02
         3         30   4.4245330213585482E-01   1.9187659772335954E+00   1.2055127077878054E+00   1.6512938074222031E-01
         3         31   3.6159062785569807E-01   1.2498601001313405E+00   7.5830649145127849E-01   1.1655691811294633E-01
         3         32   1.8120942874281659E-01   4.7871720510634364E-01   3.2699114237546922E-01   3.9024175615882735E-02
         3         33   1.0310815212596428E-01   3.6983033892233902E-01   2.3265023502650239E-01   3.5120241822473156E-02
         3         34   9.6888414912388532E-02   3.0808571904871745E-01   2.0106618305418797E-01   2.7378771124039629E-02
         3         35   3.1982633014752804E-01   9.5373547242266887E-01   6.2544558989234755E-01   8.5757882706414226E-02
         3         36   1.7496487948310005E-01   7.2227797568761876E-01   4.5436268306409461E-01   7.5008981333296421E-02
         3         37   1.6929514676609575E-01   6.0474951901901131E-01   3.7364436915309002E-01   5.6164633314799831E-02
         3         38   4.6206643053512739E-09   9.2740359879286581E-04   6.9259585444420029E-05   5.8816551215483089E-05
         3         39   2.1810157213448508E-01   1.3657390163024450E+00   7.9951746564316106E-01   1.3759151810108688E-01
         3         40   1.8378881222285184E-01   1.0294822164703843E+00   5.4625963110350573E-01   1.0619920500132282E-01
         3         41   1.4039360681666377E-01   9.5711016386357506E-01   4.9714420887183808E-01   9.5529483073756860E-02
         3         42   2.5725024726426851E+00   4.9031301397128120E+00   3.5391306592554028E+00   2.3731714944967428E-01
         3         43   1.7966385001527045E+00   3.2422734971454075E+00   2.3602571778838937E+00   1.4147905325491897E-01
         3         44   1.7014933894267943E+00   2.9795308318514189E+00   2.0860236689251375E+00   1.5072517915854086E-01
         3         45   1.4122249085242300E-01   6.2018092750839482E-01   3.4179404904758465E-01   6.1173549017921117E-02
         3         46   5.8572414022220232E-01   1.1064569160187270E+00   7.7459356396947854E-01   5.9042777301678159E-02
         3         47   3.6316733347327274E-01   7.1325826194779673E-01   5.0669487735671270E-01   4.5609775042777148E-02
         3         48   3.9220021009593697E-01   7.2048635351472834E-01   5.1591425710559502E-01   4.4889642527938534E-02
         3         49   9.7962860590096079E-01   2.1492655131493272E+00   1.4717346553201847E+00   1.2181175574965894E-01
         3         50   5.2787075376035220E-01   1.4858774130585495E+00   9.8593740706610966E-01   9.9691390626989590E-02
         3         51   6.3182066624273681E-01   1.3994129504972719E+00   9.7223584745762626E-01   1.0577256590819560E-01
         3         52   1.0083251089757188E+00   2.5658428446902413E+00   1.7570036361529120E+00   1.9373200129886986E-01
         3         53   6.0940095423599483E-01   1.9573051821443330E+00   1.2427847383615998E+00   1.7201109294067396E-01
         3         54   5.6367158159789876E-01   1.6493123386554360E+00   1.0905411670036740E+00   1.3721215906701786E-01
         3         55   1.0731773093270378E-06   3.0013025252836606E-01   5.5417537213751325E-02   7.0142194481141590E-02
         3         56   8.1697646881940016E-08   9.8090192587540689E-02   3.6922825253996164E-02   2.0221783805739860E-02
         3         57   7.4414681790367954E-01   2.5590347271383411E+00   1.6223495267501031E+00   2.3562295731408148E-01
         3         58   4.6665665677108326E-01   1.8987730008125365E+00   1.1715218994164300E+00   1.9698440292699909E-01
         3         59   4.3553480866413452E-01   1.5920589769083850E+00   9.7672727936036940E-01   1.5839851598297780E-01
         3         60   3.7089999906538175E-07   3.7010206597303398E-02   2.7289521017930143E-03   5.5232013656037089E-03
         3         61   2.3402315874500439E-05   1.2416101350497012E-02   3.1814876615849489E-03   2.7290038905596848E-03
         3         62   3.2272833141680376E-06   4.7029708594999954E-03   6.3965645499674910E-04   5.5261559707893350E-04
         3         63   6.3080080858062782E-09   2.9035556503230796E-03   2.5771100863002794E-04   2.2923638687230051E-04
         3         64   7.1823817755359009E-07   2.2565910024462251E-03   4.3892291369069749E-04   2.6528843150930509E-04
         3         65   8.8730585449698410E-09   3.1098292324936217E-04   3.0643100331207031E-05   3.0310035773592120E-05
         3         66   1.0741705112787138E-04   2.3620685839747937E-02   4.8126452702031714E-03   2.6909016189351942E-03
         3         67   5.3869052642821967E-08   2.4066227046554541E-02   1.6055627324698648E-03   3.5909204765722899E-03
         3         68   4.1991211525604383E-06   9.6031686327779208E-03   1.8869610885333919E-03   1.8577494521078949E-03
         3         69   5.2651133388839810E-07   1.8993901501266853E-03   2.3814493943258492E-04   2.4426874322555631E-04
         3         70   9.8559784281232628E-10   1.9441324757915564E-03   5.8618771562469941E-05   8.9940284504282054E-05
         3         71   1.6971570916630569E-07   1.1774137683324205E-03   1.1582118163209894E-04   1.0238121751213058E-04
         3         72   6.8619293541798391E-10   9.5077415670259265E-05   8.8968984292084883E-06   9.2613065974777527E-06
         3         73   2.8975998648672143E-06   2.8413929136021737E-02   2.2685080269647918E-03   3.1325969870511926E-03
         3         74   1.1347703429035892E-05   1.4699618183921756E-02   2.9079884618766843E-03   1.9727500234576127E-03
         3         75   9.5531461519584345E-08   1.0411546823409779E-02   1.8346956003899798E-03   1.4713956646059748E-03
         3         76   2.1789463258803716E-06   1.1484752712949639E-02   3.7889954314878843E-03   2.0527498458110696E-03
         3         77   3.8114656021649868E-08   6.6970963921981737E-04   6.7689144673353438E-05   6.4143855345575806E-05
         3         78   2.2682517764981544E-09   1.7568451662570341E-02   7.4709769200580547E-04   1.9135622770855652E-03
         3         79   5.3593056189430186E-07   6.9649100378043937E-03   8.9653960431874469E-04   1.0170029811433431E-03
         3         80   2.1203480579442787E-08   9.4974613509292058E-04   6.8358885087305474E-05   9.7205490359834540E-05
         3         81   2.1092872392890239E-11   1.0408541291246620E-03   1.4934002918058476E-05   4.0153468127557572E-05
         3         82   5.4415639900358328E-09   6.1151238681756760E-04   3.2564426835305797E-05   4.2919153163560096E-05
         3         83   1.9995531063619851E-11   2.3517038587830500E-05   1.0717472414577029E-06   1.3161918371288434E-06
         3         84   2.3861186759909506E-06   2.2549997036483128E-02   1.3423894654506284E-03   1.8290707354579477E-03
         3         85   4.3256834932056992E-05   1.4441361245384513E-02   2.4316896714239727E-03   1.3984428286843368E-03
         3         86   7.5950625950831086E-06   1.2933016441950643E-02   2.4168503661456324E-03   1.7160748918094079E-03
         3         87   7.3568254095772145E-08   8.4087394218664516E-03   1.5256899601027215E-03   1.2469679373415558E-03
         3         88   1.5260811732108389E-06   1.0200496012419534E-02   3.3041562513856076E-03   1.8717277380079131E-03
         3         89   1.3377004632434430E-08   3.8427533639049793E-04   4.0278068165781630E-05   3.8017134487537411E-05
         3         90   7.7263502590882709E-08   2.7569494233513334E-02   1.8270880929170126E-03   4.0267659108761417E-03
         3         91   6.9213327825614598E-06   8.6871203230286347E-03   1.8860785414095741E-03   1.8677131252319258E-03
         3         92   6.7430155565022513E-07   2.6338675135738365E-03   2.8816966867260748E-04   2.7453176504935308E-04
         3         93   9.6215293597689345E-10   1.6970445617744212E-03   1.2961889330035718E-04   1.2200907776091091E-04
         3         94   1.2525341094002554E-07   1.1449083312143821E-03   2.1880158007334569E-04   1.4087085643077693E-04
         3         95   1.8639687924799875E-09   1.2491588004548543E-04   9.6222723325051969E-06   1.0784650777175569E-05
         3         96   3.0868140304055764E-06   9.7272524683402958E-03   1.6228385272188085E-03   1.2137009190546796E-03
         3         97   1.0304757378905500E-08   1.8162022956651196E-02   1.1074547485160928E-03   2.6320542457756316E-03
         3         98   1.0586228018494551E-07   9.6147647106316532E-04   1.0524713603274550E-04   1.1621347503121200E-04
         3         99   1.2023866103427530E-10   1.1275916694692477E-03   2.5800345478566379E-05   4.4119420230940536E-05
         3        100   3.2135247656050224E-08   5.8895866385615103E-04   4.8620615443817808E-05   4.5670202070562528E-05
         3        101   1.2346009361198025E-10   3.4316114588518078E-05   2.7672128422214061E-06   3.2267152986575900E-06
         3        102   6.5961596521538227E-07   2.0832851414183715E-02   1.2478993670092004E-03   2.0673157602414433E-03
         3        103   2.1095289067977668E-05   1.1015223186823362E-02   1.7091688177569731E-03   1.0849285548765854E-03
         3        104   4.1155212826906154E-07   7.5292986207026466E-03   2.2408818266787759E-03   1.3058843831250198E-03
         3        105   4.0261788333147821E-10   1.3000551938976335E-02   5.1926552958126012E-04   1.3995817289960970E-03
         3        106   1.2547961021884197E-07   4.6743188533701291E-03   5.4670798957744896E-04   6.8260886301259652E-04
         3        107   3.9813755313165840E-09   4.5487323292152577E-04   2.9277010729639207E-05   4.3002989810238532E-05
         3        108   2.9002247749285558E-12   6.0676992102644647E-04   5.8937939023583020E-06   1.9481641254385636E-05
         3        109   1.0370808028937968E-09   2.8331541324212164E-04   1.2446768389269617E-05   1.8217299504137466E-05
         3        110   2.3052621977260194E-12   7.6771443634131046E-06   3.2179583174656044E-07   4.3030547456708029E-07
         3        111   5.4952650585214045E-07   1.5664305281553412E-02   6.9832484108304095E-04   1.1574366818939154E-03
         3        112   1.2364713297380136E-05   8.1968899300324180E-03   1.1323449507636711E-03   7.4501083419352377E-04
         3        113   2.1140013691685896E-09   1.5845638625596137E-04   1.2616501177918469E-05   1.3605482855603792E-05
         3        114   3.0647303186490341E-08   8.6727609853964340E-04   6.4941009518353052E-05   7.3305924868184428E-05
         3        115   2.6670146054232976E-11   5.9894457476684861E-04   3.6386298779094395E-05   3.8302736037600104E-05
         3        116   3.8442255685949311E-09   3.3318788240126526E-04   6.4183027803335648E-05   4.7773073944962713E-05
         3        117   5.2106455138244922E-11   2.2712785452075138E-05   1.0084862012568089E-06   1.4587815501494849E-06
         3        118   2.9905341061022880E-06   6.7556406977399997E-03   7.2942382552995699E-04   6.5794334794317896E-04
         3        119   4.0195383450773723E-10   1.0870028368343084E-02   5.8472611738081583E-04   1.4900291613736125E-03
         3        120   8.9345525847648709E-08   2.9300317503033230E-03   4.6495122200815027E-04   6.0972083846008241E-04
         3        121   4.4762826060080615E-09   3.0498647276832762E-04   2.2589918240411496E-05   2.8563922272552813E-05
         3        122   2.0295248253966044E-12   3.8549969162741200E-04   5.7459334128817528E-06   1.2134170297089730E-05
         3        123   1.0498038422870671E-09   1.5180719351739168E-04   9.9910816679979560E-06   1.0027079066994609E-05
         3        124   5.0079031904617201E-12   5.8756575027773583E-06   2.8484882820668668E-07   4.2052013098074753E-07
         3        125   3.5050809481327448E-08   1.2442083391723381E-02   4.5955595773556647E-04   1.0107939662800979E-03
         3        126   1.8677465815867522E-06   4.5459243865360443E-03   4.5727286411172905E-04   3.9278312445683878E-04
         3        127   1.2251170509408505E-07   2.8482498525805380E-03   3.8343068721083596E-04   3.6243657804680860E-04
         3        128   5.1173907609279425E-10   2.4733623295039903E-03   3.2142421305210911E-04   2.9649061557797325E-04
         3        129   1.5152861770492061E-08   3.2659817233461671E-03   8.2641320635400009E-04   5.3460305458137981E-04
         3        130   1.3050344701219274E-10   5.0299638073514443E-05   2.2350217126272128E-06   3.1650559983748373E-06
         3        131   1.2910584322986768E-11   7.2149530965653196E-03   2.7550045608452781E-04   7.8380166571943995E-04
         3        132   7.1150975390502512E-09   2.2010077845530268E-03   2.2118938270858563E-04   3.1665369346198170E-04
         3        133   1.4736472936278015E-10   1.1733532448458844E-04   5.7890183918887056E-06   8.9733074293183174E-06
         3        134   7.1276275245700734E-14   2.0863360146955218E-04   1.0218722729221136E-06   5.3174289737449952E-06
         3        135   4.0503045358791454E-11   6.7895873027034955E-05   1.9424496403886931E-06   3.4982959743457691E-06
         3        136   3.7146743208589096E-14   8.2508958056607683E-07   3.0895201855618818E-08   4.9503399569726736E-08
         3        137   2.9670266963581854E-08   9.4947681110498262E-03   2.2480021139372906E-04   5.1644146090977375E-04
         3        138   1.0406200703781500E-06   2.9433565192356331E-03   2.7002384136688918E-04   2.3855099957669518E-04
         3        139   8.1174570252211127E-08   2.5821340571449422E-03   3.2995096586781425E-04   3.2682409542132576E-04
         3        140   3.4173051644023460E-10   2.0107352831275549E-03   2.7076698381811999E-04   2.5296691099065789E-04
         3        141   1.1589907371837819E-08   2.8986240054282323E-03   7.3563843167838471E-04   4.9225955988111910E-04
         3        142   5.6105967286745183E-11   2.8400153444120463E-05   1.3161455810567741E-06   1.8550156495431543E-06
         3        143   9.4304126606975641E-12   6.0489815046616963E-03   3.0626115129683368E-04   8.2279107313878964E-04
         3        144   7.4483218502441815E-11   1.0592724670786921E-04   4.3884137913932892E-06   6.5615956203294143E-06
         3        145   3.1002473793533736E-14   7.9617656958023796E-05   3.6290530462771892E-06   4.6133113745522938E-06
         3        146   3.8914256469064710E-12   6.4787625385484272E-05   8.0088691278884808E-06   7.5083732191570902E-06
         3        147   3.8578692942411557E-14   8.7292358979508553E-07   1.3952644313391469E-08   3.4458503340001065E-08
         3        148   2.9433591192724086E-08   2.4537897476914700E-03   1.0203279490427814E-04   1.5690462113151021E-04
         3        149   8.5241224716557138E-14   2.5650018551713091E-06   4.1158174088061919E-08   1.0095187942503839E-07
         3        150   8.1363178418165447E-13   4.2621111892991604E-03   1.9612837244301621E-04   5.3234019914715196E-04
         3        151   7.2514291091294867E-10   8.5785732455214488E-04   9.2580488700081648E-05   1.4770033197013423E-04
         3        152   9.5815317775529884E-12   3.4772847695114778E-05   1.3638405794144076E-06   2.2143086114562625E-06
         3        153   1.2591659859525569E-15   4.6322718487693740E-05   4.3513785278888086E-07   1.2327883079949919E-06
         3        154   1.0204938187656476E-12   1.2530387464917691E-05   7.6176690676180129E-07   8.2337694046958461E-07
         3        155   4.1588996903515604E-15   2.3694407199412575E-07   3.8251679038386434E-09   9.3960105512787595E-09
         3        156   1.0004217329663682E-10   5.2953324182104114E-03   1.0615405787042197E-04   3.2807224464797169E-04
         3        157   1.4286184336727839E-08   1.6348946593487742E-03   5.1856394921508398E-05   8.2040311241229425E-05
         3        158   3.3143601946393263E-10   4.1963990750191815E-04   3.3780468652948953E-05   4.5217572916177137E-05
         3        159   4.0376816236319072E-13   3.9672472197144936E-04   3.5617541747013990E-05   3.8348233372017585E-05
         3        160   2.3725450418964258E-11   6.2820562958559780E-04   1.2369466762050720E-04   9.1925295924859702E-05
         3        161   6.1096534414837936E-14   1.9150413957648913E-06   3.1030697678509093E-08   7.6117289088930792E-08
         3        162   1.5105760804067510E-14   2.5337442497829314E-03   9.1333159467875782E-05   2.6977641262718275E-04
         3        163   2.8977467345379149E-11   5.2675218660380425E-04   4.3447689024315047E-05   7.2374098298426346E-05
         3        164   2.4990755236635395E-13   7.9779902331933710E-06   2.8952859560028808E-07   5.0436449541055459E-07
         3        165   2.2400447678283480E-17   2.5171650328588070E-05   4.7088669024888312E-08   5.3546411964660311E-07
         3        166   5.3702350701977754E-14   4.8179578283709430E-06   6.2340713549416083E-08   1.6398409916332797E-07
         3        167   3.6685400938773382E-17   2.0016435586168027E-08   3.6656893256756820E-10   8.8842218034827924E-10
         3        168   8.5111922727668331E-11   3.5549681118868691E-03   3.9458111542792818E-05   1.4197530920799633E-04
         3        169   8.2280788793403912E-09   7.6637069834211010E-04   2.2354046913731485E-05   3.7913052245953807E-05
         3        170   2.1512703763398992E-10   3.9293731773329372E-04   2.9779378405564848E-05   4.1700850356767881E-05
         3        171   2.6984844930527286E-13   3.2325519802968412E-04   3.0173698777713434E-05   3.2754647458219984E-05
         3        172   1.9960104557407799E-11   5.9725115783565755E-04   1.1094750254978281E-04   8.4762622378194716E-05
         3        173   3.4600992980863954E-14   1.1449394555723426E-06   1.8069741424059014E-08   4.4048865695309355E-08
         3        174   3.3894229629293131E-17   1.3591990253318982E-03   4.2711020262166156E-05   1.3069894741784101E-04
         3        175   6.4043075628828352E-16   2.0088155734034572E-06   3.5304836078791466E-08   8.7001807888056912E-08
         3        176   5.8808352823969650E-20   1.8112143454827552E-06   4.9192247306883323E-08   8.7012486826121770E-08
         3        177   4.9389128819245868E-18   2.5611743723742237E-06   1.8527184665093735E-07   2.2360480680249758E-07
         3        178   1.1563750141360752E-20   1.5911503851060361E-09   5.1976423796856880E-12   3.9364756641023712E-11
         3        179   3.8291072320900232E-12   3.5244687351484647E-04   4.6776652712582519E-06   1.3054007981526849E-05
         3        180   3.9006264212093674E-15   1.5671359570056641E-05   4.3057311997662312E-07   9.9406613388703282E-07
         3        181   2.5094406410160172E-19   1.2018979985792223E-05   5.4639301694038968E-07   8.0963136985906856E-07
         3        182   8.4441232205751700E-17   2.7779237562774156E-05   3.2400990716478381E-06   3.0015437577709527E-06
         3        183   2.1116948030256399E-20   4.6794377436207813E-09   1.5440190611416796E-11   1.1698519011907273E-10
         3        184   2.9365512348875807E-18   8.7305012512813984E-04   2.6959190125001555E-05   8.0550544692787774E-05
         3        185   4.8403681387157389E-14   1.0226592010220411E-04   4.8067587969335357E-06   9.7660461416422845E-06
         3        186   6.5794827801842907E-17   5.8932336539039957E-07   8.6940568533351450E-09   2.2529525260103421E-08
         3        187   2.0629815128717979E-21   7.2437487346010069E-07   5.0747682909521121E-09   1.7912959523315867E-08
         3        188   1.0584819443433499E-18   3.0691068060326207E-07   1.3856715108948655E-08   2.0177294303901479E-08
         3        189   3.3329847089845256E-21   4.2558807508580772E-10   1.3707652547284173E-12   1.0198277375858194E-11
         3        190   4.0822132393142451E-16   1.1430491264984529E-03   1.2921578027332869E-05   5.5611364781975778E-05
         3        191   8.9693306683052138E-13   2.3449701155028798E-04   2.0194100483336621E-06   6.9132519447268852E-06
         3        192   3.0519138161330331E-15   1.5170598919370497E-05   4.0396234075116686E-07   9.5580706421779718E-07
         3        193   1.8918750914918635E-19   1.0853419223823852E-05   5.0227553792445878E-07   7.4270397910055502E-07
         3        194   1.4250344458225545E-20   3.5744860758914179E-09   1.1613313486459506E-11   8.7981803490825133E-11
         3        195   4.3628158717860105E-20   4.7250964664968093E-04   1.1961204732910053E-05   3.7176753629263424E-05
         3        196   1.4776830239295120E-15   3.5197190930179390E-05   2.1561422082799374E-06   4.2829762446474086E-06
         3        197   1.2726604981283794E-18   6.9342886516663639E-08   1.3162615788847535E-09   3.2380959570155406E-09
         3        198   3.2052348884209692E-24   3.6914978087883294E-07   3.1432324470106968E-10   7.1010355536329648E-09
         3        199   8.6993108725613249E-20   2.6754774065655748E-08   2.0365490841306179E-10   7.1732264579011657E-10
         3        200   3.5385244269985384E-16   6.2322035234868220E-04   3.5769546713125863E-06   2.0448276046316503E-05
         3        201   4.0608786078579644E-13   1.0381026149390785E-04   5.4408124189621087E-07   2.6002870425954181E-06
         3        202   1.9006873999982505E-15   1.4216649157480717E-05   3.6559613068994119E-07   8.9731834483655220E-07
         3        203   1.1059860280962013E-19   8.8513942120573054E-06   4.2618273159241344E-07   6.3161495959011342E-07
         3        204   7.4872468298772101E-17   2.7537505752934209E-05   2.7624738609218389E-06   2.6380468281669460E-06
         3        205   7.3248814698198290E-21   2.0857446504564930E-09   6.6651936233557966E-12   5.0203207059492195E-11
         3        206   1.4809211885489536E-03   2.0150642823638346E-01   3.5545445811392996E-02   2.7752595716489466E-02
         3        207   1.2825970620109121E-02   1.2881564402781079E-01   5.1306257635041166E-02   1.6521016358484995E-02
         3        208   5.9320611021474795E-03   9.9462729071851330E-02   2.9663575770841173E-02   1.1819867818173286E-02
         3        209   8.2152804171317618E-04   4.7824760795114718E-02   1.0051413796688651E-02   4.9158451918563922E-03
         3        210   3.2380661293443004E-03   5.1982317984222648E-02   1.9102746821103612E-02   6.4136121839670438E-03
         3        211   4.9028466093486382E-04   2.0135426062361059E-02   5.2638092050151788E-03   2.3324839218152290E-03
         3        212   1.8729322355854273E-02   1.2928697015681023E-01   6.6266480300841174E-02   1.5918815391059046E-02
         3        213   3.5841296979262789E-04   1.1763470860525320E-01   1.8081491343477602E-02   1.7585061754924455E-02
         3        214   4.6827044616789236E-03   7.8046883661343811E-02   2.6652369414487845E-02   1.0445950538646215E-02
         3        215   1.4423043197336284E-03   5.3446280825212140E-02   1.2670071436809953E-02   6.5468237159116479E-03
         3        216   1.3343646670429653E-04   2.8226623292781760E-02   4.5481168959122936E-03   2.8187186529698553E-03
         3        217   8.1741527585188327E-04   2.7590206754857478E-02   8.5137512998884977E-03   3.5599377882200578E-03
         3        218   1.3806298535119587E-04   9.5137474026717999E-03   1.9861738125091333E-03   1.0174889097066470E-03
         3        219   8.1153139635552762E-03   2.6468053025859178E-01   6.0213244329399562E-02   2.4079228811542015E-02
         3        220   3.3345765778402904E-02   2.6154353341907155E-01   1.0833486796647065E-01   2.8067457797258808E-02
         3        221   2.3221344688916717E-02   1.9981667191679059E-01   8.0952093422570787E-02   2.1342034317412772E-02
         3        222   4.5469723123403574E-03   8.7367554895913496E-02   3.0423813134173909E-02   1.2243533976975533E-02
         3        223   2.6878427132283169E-03   3.8544109126928142E-02   1.1340882390600403E-02   3.9337819276064568E-03
         3        224   5.5952833903863571E-04   1.4361365835611656E-01   2.2123535207745491E-02   2.1091085516665154E-02
         3        225   6.2454260955278184E-03   8.6740950817735682E-02   3.1962011925385649E-02   1.1991187089303844E-02
         3        226   2.4061280398782218E-03   6.2178130876983671E-02   1.6450658611097253E-02   7.5559773427170554E-03
         3        227   3.3706487744303228E-04   2.9193409338389008E-02   5.5900978782884728E-03   3.0466593223310865E-03
         3        228   1.2879891998535413E-03   3.1901192374099954E-02   1.0511846854423954E-02   3.9461147917305775E-03
         3        229   1.8448746053106567E-04   1.1075458574908806E-02   2.6029877519400638E-03   1.2622838105738280E-03
         3        230   1.2803047049730407E-04   8.3590642932781900E-02   1.1483523067995695E-02   1.3400195104300298E-02
         3        231   2.2582287000743840E-03   5.3191781154869472E-02   1.6971989900097378E-02   7.7847352549181084E-03
         3        232   5.5357097506154298E-04   3.2858414656157922E-02   6.9541058862949423E-03   4.0985340868783847E-03
         3        233   5.2277081552234293E-05   1.7371909137903773E-02   2.4193315912858734E-03   1.7043799808272235E-03
         3        234   3.1202838378926692E-04   1.7270307420918809E-02   4.5951832995384601E-03   2.1536384536322718E-03
         3        235   4.8435936815478354E-05   5.1883005342075400E-03   9.5436348786004377E-04   5.2848400482875487E-04
         3        236   3.2754277619939762E-03   1.8263719517849455E-01   3.5088171916964318E-02   1.7235715456847718E-02
         3        237   1.5535965088500442E-02   1.7331318648061123E-01   6.4198184805392203E-02   1.8660234270232185E-02
         3        238   1.0263739651132258E-02   1.2638696827653176E-01   4.7734497799871302E-02   1.4865822354491229E-02
         3        239   1.8065885765426457E-03   6.2514935955953352E-02   1.9051899077250981E-02   9.0135389809171008E-03
         3        240   6.7143853576758861E-03   7.1586485277874909E-02   3.4554347391770261E-02   9.6966253190257853E-03
         3        241   1.0105737248947923E-03   2.0816341649640236E-02   5.6252565511803465E-03   2.1899816651517580E-03
         3        242   9.1708863390967617E-05   8.5912199698266134E-02   1.0206484075835409E-02   1.3362303911354434E-02
         3        243   1.6292954042472101E-03   4.3312824904175797E-02   1.4354879375377650E-02   7.1670601232957541E-03
         3        244   4.3822890700021276E-04   2.6126383529038406E-02   5.7595567226139651E-03   3.3143882873344585E-03
         3        245   4.7138125090850000E-05   1.2818483250502265E-02   2.0104022673902520E-03   1.2834736671955079E-03
         3        246   2.2931680466847473E-04   1.3140172076447916E-02   3.6726113714326838E-03   1.6310449389355965E-03
         3        247   3.0081143382150668E-05   3.5813173447366833E-03   7.0222528812410292E-04   4.0035028069084253E-04
         3        248   2.4440986491294928E-03   6.9404458137159800E-02   2.2345925315904503E-02   9.0898038395056183E-03
         3        249   1.8589256873577874E-05   5.4244576071517149E-02   5.5297154908202154E-03   8.5547783535787920E-03
         3        250   5.4169222013780683E-04   2.9343740134999068E-02   7.9316241024223466E-03   4.8004093644801781E-03
         3        251   9.1025519045722340E-05   1.3287847205148766E-02   2.3824991756549781E-03   1.7202813555219684E-03
         3        252   8.3242362984933866E-06   7.7850875260188366E-03   7.7385827061472745E-04   6.7451411146879814E-04
         3        253   4.8573120827623613E-05   7.3551967476328060E-03   1.5030355043959564E-03   8.5079634768964738E-04
         3        254   6.6359265423345901E-06   1.6248640046491549E-03   2.4433393656091927E-04   1.5543478766817553E-04
         3        255   6.0484007153003216E-04   9.6673328932014774E-02   1.3737993639198578E-02   9.6708679679959591E-03
         3        256   3.8077698445436008E-03   8.3831907587166174E-02   2.5305432180066253E-02   8.8847187961263573E-03
         3        257   3.0662133944588116E-04   3.3754794346082508E-02   8.6204634992061539E-03   5.1105317435063396E-03
         3        258   1.2638046652719604E-03   3.6766872872476881E-02   1.5795993742794365E-02   5.7657743468107550E-03
         3        259   1.5398590269719213E-04   6.6340108409408708E-03   1.5255417667360751E-03   7.3190970998095867E-04
