<simulation verbosity='high'>
   <prng>
      <seed>4441</seed>
      <state shape='(624)'>
       [ 1364675891, 2150802166, 2805034513, 720569525, 3027912285, 
         3781057678, 1745541921, 4036338717, 1556505122, 1485964352, 
         1113401641, 2409347584, 3388039766, 2331613531, 1906825692, 
         1307932454, 570702181, 111825227, 1698941516, 3385890181, 
         1064663688, 704151217, 2535891779, 2392327669, 2780646213, 
         2766109415, 1858639392, 2801262811, 1227000141, 2377104532, 
         2384565123, 3761324926, 41253505, 3781037637, 289556528, 
         3202915194, 3625132238, 2049963109, 4120288910, 1710981556, 
         2692787130, 3897354785, 1739003134, 3149193954, 1308250358, 
         2545603514, 3223743401, 3718732219, 1176908265, 1828981787, 
         75638825, 2867264317, 3254443157, 1457255114, 1165127747, 
         3468649469, 704324381, 1745611979, 441300183, 2952012527, 
         33202647, 3949316055, 836458973, 2462440868, 1753633055, 
         3176916905, 243263147, 78197933, 1486789978, 3293949727, 
         78263627, 1653519350, 1524442838, 2551413642, 848860280, 
         1556461948, 571770580, 553328625, 1216423484, 2474799371, 
         397287903, 64775160, 1121073389, 4058153369, 3231434430, 
         3538606986, 3865594184, 3928011323, 3646180677, 333282084, 
         2969593797, 4207249783, 4277286023, 92283761, 1976460684, 
         46396934, 1713096268, 830561806, 1456007921, 1272285178, 
         1846320585, 278536647, 2832108671, 1718651158, 247984082, 
         262504860, 3024463842, 1892155985, 2836770665, 2492940107, 
         2813884298, 531884383, 2750870293, 3664954381, 1469528054, 
         158159934, 2255135783, 3963918912, 1896293876, 4166734124, 
         3575222722, 1213611332, 3295530763, 521712575, 1803262798, 
         2802705202, 2341196234, 4196418853, 1426740096, 3536557644, 
         3913946361, 1308506554, 3938549508, 198768580, 3567686259, 
         4110912282, 4204000406, 447686074, 3831534165, 1367456678, 
         3620119707, 3266435584, 3761436763, 3409974623, 2138738319, 
         407027770, 1559422592, 1319888210, 288742859, 1369965360, 
         1750927459, 336861996, 2869280087, 3244716679, 711161381, 
         1314603672, 296386890, 122504882, 3606537190, 528168588, 
         487349504, 3501288509, 1826220509, 3832681973, 3594244890, 
         2054918101, 1937344756, 3510250767, 3971720676, 1920687204, 
         2635326365, 1917896055, 766535769, 327289691, 2493394636, 
         993636841, 900025355, 862806196, 4120329378, 2621809398, 
         3739705796, 405569143, 2386253846, 818004211, 28347026, 
         4236870458, 4255333595, 2063336305, 391773082, 4251071500, 
         2050886793, 1463546932, 4049044925, 836817185, 2099071726, 
         1332473734, 2441088648, 2944448045, 3703503738, 881660546, 
         86501186, 3120396227, 3447139269, 318618979, 1056656335, 
         3881099805, 2814246898, 1915874753, 4273577196, 3304869856, 
         1788644970, 321979524, 2735097322, 3073459587, 4204522091, 
         2864755923, 3892009365, 892110102, 3665743605, 2420167785, 
         2188074323, 1470251335, 3088870619, 3003059340, 2006642664, 
         3710022321, 608294171, 523434581, 2137270060, 3869034934, 
         3259663316, 1932713234, 1103658226, 1788730909, 292125013, 
         2165470439, 4053270550, 2119481160, 2155819510, 438254685, 
         1648447880, 998922558, 1274966131, 2442121259, 2443048286, 
         456139361, 1728521296, 748568780, 3129100985, 568633544, 
         2136321592, 2903001115, 3837300477, 2336946262, 1442268034, 
         3594698118, 1843602577, 2577790914, 2432198010, 3429970426, 
         3853894061, 1266929425, 1816101115, 1046546178, 1423371223, 
         4089848299, 2625110499, 2026101882, 4095760703, 2506984001, 
         169227272, 2927530692, 1045825802, 251387510, 1484454274, 
         3418824510, 530288557, 2186307783, 3380510836, 2029038949, 
         322540386, 212590983, 2280710386, 2871291337, 3393254367, 
         2993382977, 2350272726, 1275861212, 2209324273, 725865451, 
         2323321828, 3480585322, 1193832285, 3030754099, 3335913217, 
         3049760521, 2817129450, 2729683768, 3759013249, 949873050, 
         2445885071, 23202122, 545689747, 3802949835, 3288208813, 
         1308000364, 989789547, 2005814351, 2734524006, 1798848112, 
         1384494369, 2577825567, 966945423, 1112750649, 2594432202, 
         315906346, 1089198886, 3997256081, 1729887995, 3438398400, 
         917104969, 2475277041, 4240081605, 2660961072, 3255562178, 
         193612887, 361604046, 1192378539, 3689045200, 741063532, 
         3830420886, 751435347, 2423917010, 3835667278, 1547867005, 
         989026642, 3786278470, 1585801020, 1973100875, 2495204576, 
         2052587408, 3244108525, 3739373943, 1913610122, 231403144, 
         386892332, 815668756, 3320504691, 2555326163, 274396355, 
         2434907198, 2283623374, 1903646506, 1154629530, 2475437969, 
         3380626479, 3722906150, 2240531480, 39496273, 1760586735, 
         1832621911, 2242158079, 2682383143, 2695073287, 639358200, 
         4285252223, 452369053, 3051318573, 2208908661, 3602887680, 
         2071848858, 456694289, 4026608245, 3266259869, 681065961, 
         4002563733, 1110606946, 3898377805, 588140929, 127054263, 
         981102355, 2555016067, 1284283573, 380657972, 3958128265, 
         1915640347, 987645291, 267343424, 3266501501, 3107836190, 
         2755073128, 2207264388, 821608275, 3978424945, 1177952042, 
         2945872254, 622703834, 1404103526, 972076914, 3782851667, 
         800071614, 1187584445, 1052611184, 3024930996, 3113479862, 
         279168195, 2656074433, 1710374600, 36769741, 4038196708, 
         801073976, 1842014712, 1756604117, 1986936294, 3306146320, 
         474132726, 3433671720, 1412411814, 2633479481, 2449580602, 
         116296853, 3034392274, 1467796288, 3652149658, 2400659421, 
         2612266543, 1384344134, 3951276050, 2162212359, 3671396777, 
         2512609803, 834428473, 3192729988, 437152454, 1463673079, 
         3925185052, 2480128385, 2742311081, 1617459240, 3750520718, 
         1144680420, 2682215857, 4051882263, 2479156386, 942428014, 
         2102665637, 910182456, 3947513090, 394624562, 2677760450, 
         1486524194, 1409752126, 1909155575, 2210050832, 4100664521, 
         700279514, 2690115979, 4236309336, 1657816379, 271783721, 
         1573948819, 2048690549, 1795002621, 2991171015, 2417338395, 
         245584596, 1373423348, 2652516670, 1068210378, 2936585306, 
         1729362092, 2746407466, 3565400191, 3496227832, 1725512078, 
         4252681130, 2045208101, 18832858, 1985650770, 2991802662, 
         1277065236, 1138820247, 2768925105, 4056160122, 3760157226, 
         2358138417, 4006890417, 2615601567, 403553440, 830032667, 
         2247191159, 3828415734, 2568495184, 1690311241, 3177363955, 
         2453560169, 1283911112, 850655879, 1358072030, 3005143414, 
         1094375611, 457494762, 2755076943, 1002387475, 1834047593, 
         3618763874, 4241500292, 393553968, 3781620945, 1856283082, 
         191294233, 2382506313, 2743911006, 881833761, 3842589915, 
         2575445080, 4215652372, 2960555699, 327069824, 69436052, 
         1646733494, 197263473, 2838692057, 1690075288, 3198245676, 
         1337679003, 4085579391, 1219703309, 556192509, 821828856, 
         1653906363, 2416835960, 313997, 979435096, 3902936195, 
         826174654, 1589985615, 2303393032, 655090645, 2952194841, 
         829136218, 3972006701, 1514580765, 3049065931, 2316494650, 
         2161292783, 4163817478, 741385668, 3427746692, 1568934102, 
         299910599, 601228090, 3693694815, 1874743724, 1688858124, 
         1603560162, 1106113925, 3804547883, 1934682056, 2861494254, 
         2769116115, 725490929, 1831507579, 252103808, 3951740289, 
         1403246124, 1071067785, 2834258582, 3809852007, 1007916880, 
         3693939425, 4114534135, 2648889842, 3819804506, 1781872368, 
         3088862133, 3217984764, 1279430519, 2306686490, 2589953670, 
         4224604273, 3364701318, 968103565, 2553485890, 1073241628, 
         2109594369, 2673571716, 4144314069, 3305597048, 168459390, 
         1776123749, 4204533902, 1557763040, 3387261518, 1341410386, 
         3475967504, 1254434979, 2816959703, 3202491957, 565254100, 
         1923408380, 3503382852, 3241471415, 799715895, 3821486656, 
         256102804, 2132023302, 1423850143, 604326546, 3689338210, 
         3951467158, 1509742719, 2364565316, 2445374957, 1112604940, 
         177362071, 581630942, 4194969405, 2250161025, 1602389699, 
         1667489518, 70394322, 1036402424, 3569263260 ]
      </state>
      <set_pos>80</set_pos>
   </prng>
   <output prefix='simulation'>
      <properties shape='(6)' stride='10'>
       [ step, time{picosecond}, potential{electronvolt}, conserved, temperature{kelvin}, 
         ensemble_temperature{kelvin} ]
      </properties>
      <trajectory filename='pos' stride='10'>positions</trajectory>
      <trajectory filename='frc' stride='10'>forces</trajectory>
      <checkpoint stride='1000' overwrite='False'>0</checkpoint>
   </output>
   <total_steps>100000</total_steps>
   <total_time>  1.72000000e+05</total_time>
   <ffsocket mode='unix' name='driver-lmp-base'>
      <address>lmp-base-gb</address>
   </ffsocket>
   <system>
      <forces>
         <force forcefield='driver-lmp-base'>
         </force>
      </forces>
      <ensemble>
         <temperature>  9.50044560e-04</temperature>
         <eens>  3.14083786e-03</eens>
         <hamiltonian_weights shape='(1)'> [   1.00000000e+00 ] </hamiltonian_weights>
      </ensemble>
      <motion mode='dynamics'>
         <dynamics mode='nvt'>
            <thermostat mode='langevin'>
               <tau>  4.13413730e+03</tau>
            </thermostat>
            <timestep>  2.06706865e+01</timestep>
            <nmts shape='(1)'> [ 1 ] </nmts>
         </dynamics>
      </motion>
      <beads natoms='20' nbeads='32'>
         <q shape='(32, 60)'>
          [   7.56186313e+00,   5.30050861e+00,   2.33894098e+00,  -1.70561965e+00,   1.13986547e+01, 
              7.57602715e+00,   8.34694040e+00,   5.70786477e+00,   3.17278984e-01,  -2.49069693e+00, 
              1.18060109e+01,   9.59768915e+00,   7.25337076e+00,   3.13444711e+00,   2.57789172e+00, 
             -1.39712729e+00,   9.23259323e+00,   7.33707643e+00,  -1.02973186e+00,   6.00057579e+00, 
              3.84700764e+00,   6.88597532e+00,   1.20987219e+01,   6.06796049e+00,   5.03895776e+00, 
              6.68600741e+00,   2.69786284e+00,   8.17285713e-01,   5.87861286e-01,   7.21710531e+00, 
              3.51043973e+00,   5.78104253e+00,   1.33852070e+00,   2.34580373e+00,   1.18791887e+01, 
              8.57644743e+00,   5.29202299e+00,   8.83011559e+00,   2.11188822e+00,   5.64220473e-01, 
              2.73196946e+00,   7.80307992e+00,   4.04192261e+00,   6.54575005e+00,   5.54841617e+00, 
              1.81432087e+00,   4.47603926e-01,   4.36655196e+00,   5.73578311e+00,   6.21401090e+00, 
              7.35591486e+00,   1.20460363e-01,   1.15864776e-01,   2.55905327e+00,   1.60098614e+00, 
              6.88358735e+00,   5.93906592e+00,   4.25525734e+00,   7.85441221e-01,   3.97590223e+00, 
              7.56186313e+00,   5.30050861e+00,   2.33894098e+00,  -1.70561965e+00,   1.13986547e+01, 
              7.57602715e+00,   8.34694040e+00,   5.70786477e+00,   3.17278984e-01,  -2.49069693e+00, 
              1.18060109e+01,   9.59768915e+00,   7.25337076e+00,   3.13444711e+00,   2.57789172e+00, 
             -1.39712729e+00,   9.23259323e+00,   7.33707643e+00,  -1.02973186e+00,   6.00057579e+00, 
              3.84700764e+00,   6.88597532e+00,   1.20987219e+01,   6.06796049e+00,   5.03895776e+00, 
              6.68600741e+00,   2.69786284e+00,   8.17285713e-01,   5.87861286e-01,   7.21710531e+00, 
              3.51043973e+00,   5.78104253e+00,   1.33852070e+00,   2.34580373e+00,   1.18791887e+01, 
              8.57644743e+00,   5.29202299e+00,   8.83011559e+00,   2.11188822e+00,   5.64220473e-01, 
              2.73196946e+00,   7.80307992e+00,   4.04192261e+00,   6.54575005e+00,   5.54841617e+00, 
              1.81432087e+00,   4.47603926e-01,   4.36655196e+00,   5.73578311e+00,   6.21401090e+00, 
              7.35591486e+00,   1.20460363e-01,   1.15864776e-01,   2.55905327e+00,   1.60098614e+00, 
              6.88358735e+00,   5.93906592e+00,   4.25525734e+00,   7.85441221e-01,   3.97590223e+00, 
              7.56186313e+00,   5.30050861e+00,   2.33894098e+00,  -1.70561965e+00,   1.13986547e+01, 
              7.57602715e+00,   8.34694040e+00,   5.70786477e+00,   3.17278984e-01,  -2.49069693e+00, 
              1.18060109e+01,   9.59768915e+00,   7.25337076e+00,   3.13444711e+00,   2.57789172e+00, 
             -1.39712729e+00,   9.23259323e+00,   7.33707643e+00,  -1.02973186e+00,   6.00057579e+00, 
              3.84700764e+00,   6.88597532e+00,   1.20987219e+01,   6.06796049e+00,   5.03895776e+00, 
              6.68600741e+00,   2.69786284e+00,   8.17285713e-01,   5.87861286e-01,   7.21710531e+00, 
              3.51043973e+00,   5.78104253e+00,   1.33852070e+00,   2.34580373e+00,   1.18791887e+01, 
              8.57644743e+00,   5.29202299e+00,   8.83011559e+00,   2.11188822e+00,   5.64220473e-01, 
              2.73196946e+00,   7.80307992e+00,   4.04192261e+00,   6.54575005e+00,   5.54841617e+00, 
              1.81432087e+00,   4.47603926e-01,   4.36655196e+00,   5.73578311e+00,   6.21401090e+00, 
              7.35591486e+00,   1.20460363e-01,   1.15864776e-01,   2.55905327e+00,   1.60098614e+00, 
              6.88358735e+00,   5.93906592e+00,   4.25525734e+00,   7.85441221e-01,   3.97590223e+00, 
              7.56186313e+00,   5.30050861e+00,   2.33894098e+00,  -1.70561965e+00,   1.13986547e+01, 
              7.57602715e+00,   8.34694040e+00,   5.70786477e+00,   3.17278984e-01,  -2.49069693e+00, 
              1.18060109e+01,   9.59768915e+00,   7.25337076e+00,   3.13444711e+00,   2.57789172e+00, 
             -1.39712729e+00,   9.23259323e+00,   7.33707643e+00,  -1.02973186e+00,   6.00057579e+00, 
              3.84700764e+00,   6.88597532e+00,   1.20987219e+01,   6.06796049e+00,   5.03895776e+00, 
              6.68600741e+00,   2.69786284e+00,   8.17285713e-01,   5.87861286e-01,   7.21710531e+00, 
              3.51043973e+00,   5.78104253e+00,   1.33852070e+00,   2.34580373e+00,   1.18791887e+01, 
              8.57644743e+00,   5.29202299e+00,   8.83011559e+00,   2.11188822e+00,   5.64220473e-01, 
              2.73196946e+00,   7.80307992e+00,   4.04192261e+00,   6.54575005e+00,   5.54841617e+00, 
              1.81432087e+00,   4.47603926e-01,   4.36655196e+00,   5.73578311e+00,   6.21401090e+00, 
              7.35591486e+00,   1.20460363e-01,   1.15864776e-01,   2.55905327e+00,   1.60098614e+00, 
              6.88358735e+00,   5.93906592e+00,   4.25525734e+00,   7.85441221e-01,   3.97590223e+00, 
              7.56186313e+00,   5.30050861e+00,   2.33894098e+00,  -1.70561965e+00,   1.13986547e+01, 
              7.57602715e+00,   8.34694040e+00,   5.70786477e+00,   3.17278984e-01,  -2.49069693e+00, 
              1.18060109e+01,   9.59768915e+00,   7.25337076e+00,   3.13444711e+00,   2.57789172e+00, 
             -1.39712729e+00,   9.23259323e+00,   7.33707643e+00,  -1.02973186e+00,   6.00057579e+00, 
              3.84700764e+00,   6.88597532e+00,   1.20987219e+01,   6.06796049e+00,   5.03895776e+00, 
              6.68600741e+00,   2.69786284e+00,   8.17285713e-01,   5.87861286e-01,   7.21710531e+00, 
              3.51043973e+00,   5.78104253e+00,   1.33852070e+00,   2.34580373e+00,   1.18791887e+01, 
              8.57644743e+00,   5.29202299e+00,   8.83011559e+00,   2.11188822e+00,   5.64220473e-01, 
              2.73196946e+00,   7.80307992e+00,   4.04192261e+00,   6.54575005e+00,   5.54841617e+00, 
              1.81432087e+00,   4.47603926e-01,   4.36655196e+00,   5.73578311e+00,   6.21401090e+00, 
              7.35591486e+00,   1.20460363e-01,   1.15864776e-01,   2.55905327e+00,   1.60098614e+00, 
              6.88358735e+00,   5.93906592e+00,   4.25525734e+00,   7.85441221e-01,   3.97590223e+00, 
              7.56186313e+00,   5.30050861e+00,   2.33894098e+00,  -1.70561965e+00,   1.13986547e+01, 
              7.57602715e+00,   8.34694040e+00,   5.70786477e+00,   3.17278984e-01,  -2.49069693e+00, 
              1.18060109e+01,   9.59768915e+00,   7.25337076e+00,   3.13444711e+00,   2.57789172e+00, 
             -1.39712729e+00,   9.23259323e+00,   7.33707643e+00,  -1.02973186e+00,   6.00057579e+00, 
              3.84700764e+00,   6.88597532e+00,   1.20987219e+01,   6.06796049e+00,   5.03895776e+00, 
              6.68600741e+00,   2.69786284e+00,   8.17285713e-01,   5.87861286e-01,   7.21710531e+00, 
              3.51043973e+00,   5.78104253e+00,   1.33852070e+00,   2.34580373e+00,   1.18791887e+01, 
              8.57644743e+00,   5.29202299e+00,   8.83011559e+00,   2.11188822e+00,   5.64220473e-01, 
              2.73196946e+00,   7.80307992e+00,   4.04192261e+00,   6.54575005e+00,   5.54841617e+00, 
              1.81432087e+00,   4.47603926e-01,   4.36655196e+00,   5.73578311e+00,   6.21401090e+00, 
              7.35591486e+00,   1.20460363e-01,   1.15864776e-01,   2.55905327e+00,   1.60098614e+00, 
              6.88358735e+00,   5.93906592e+00,   4.25525734e+00,   7.85441221e-01,   3.97590223e+00, 
              7.56186313e+00,   5.30050861e+00,   2.33894098e+00,  -1.70561965e+00,   1.13986547e+01, 
              7.57602715e+00,   8.34694040e+00,   5.70786477e+00,   3.17278984e-01,  -2.49069693e+00, 
              1.18060109e+01,   9.59768915e+00,   7.25337076e+00,   3.13444711e+00,   2.57789172e+00, 
             -1.39712729e+00,   9.23259323e+00,   7.33707643e+00,  -1.02973186e+00,   6.00057579e+00, 
              3.84700764e+00,   6.88597532e+00,   1.20987219e+01,   6.06796049e+00,   5.03895776e+00, 
              6.68600741e+00,   2.69786284e+00,   8.17285713e-01,   5.87861286e-01,   7.21710531e+00, 
              3.51043973e+00,   5.78104253e+00,   1.33852070e+00,   2.34580373e+00,   1.18791887e+01, 
              8.57644743e+00,   5.29202299e+00,   8.83011559e+00,   2.11188822e+00,   5.64220473e-01, 
              2.73196946e+00,   7.80307992e+00,   4.04192261e+00,   6.54575005e+00,   5.54841617e+00, 
              1.81432087e+00,   4.47603926e-01,   4.36655196e+00,   5.73578311e+00,   6.21401090e+00, 
              7.35591486e+00,   1.20460363e-01,   1.15864776e-01,   2.55905327e+00,   1.60098614e+00, 
              6.88358735e+00,   5.93906592e+00,   4.25525734e+00,   7.85441221e-01,   3.97590223e+00, 
              7.56186313e+00,   5.30050861e+00,   2.33894098e+00,  -1.70561965e+00,   1.13986547e+01, 
              7.57602715e+00,   8.34694040e+00,   5.70786477e+00,   3.17278984e-01,  -2.49069693e+00, 
              1.18060109e+01,   9.59768915e+00,   7.25337076e+00,   3.13444711e+00,   2.57789172e+00, 
             -1.39712729e+00,   9.23259323e+00,   7.33707643e+00,  -1.02973186e+00,   6.00057579e+00, 
              3.84700764e+00,   6.88597532e+00,   1.20987219e+01,   6.06796049e+00,   5.03895776e+00, 
              6.68600741e+00,   2.69786284e+00,   8.17285713e-01,   5.87861286e-01,   7.21710531e+00, 
              3.51043973e+00,   5.78104253e+00,   1.33852070e+00,   2.34580373e+00,   1.18791887e+01, 
              8.57644743e+00,   5.29202299e+00,   8.83011559e+00,   2.11188822e+00,   5.64220473e-01, 
              2.73196946e+00,   7.80307992e+00,   4.04192261e+00,   6.54575005e+00,   5.54841617e+00, 
              1.81432087e+00,   4.47603926e-01,   4.36655196e+00,   5.73578311e+00,   6.21401090e+00, 
              7.35591486e+00,   1.20460363e-01,   1.15864776e-01,   2.55905327e+00,   1.60098614e+00, 
              6.88358735e+00,   5.93906592e+00,   4.25525734e+00,   7.85441221e-01,   3.97590223e+00, 
              7.56186313e+00,   5.30050861e+00,   2.33894098e+00,  -1.70561965e+00,   1.13986547e+01, 
              7.57602715e+00,   8.34694040e+00,   5.70786477e+00,   3.17278984e-01,  -2.49069693e+00, 
              1.18060109e+01,   9.59768915e+00,   7.25337076e+00,   3.13444711e+00,   2.57789172e+00, 
             -1.39712729e+00,   9.23259323e+00,   7.33707643e+00,  -1.02973186e+00,   6.00057579e+00, 
              3.84700764e+00,   6.88597532e+00,   1.20987219e+01,   6.06796049e+00,   5.03895776e+00, 
              6.68600741e+00,   2.69786284e+00,   8.17285713e-01,   5.87861286e-01,   7.21710531e+00, 
              3.51043973e+00,   5.78104253e+00,   1.33852070e+00,   2.34580373e+00,   1.18791887e+01, 
              8.57644743e+00,   5.29202299e+00,   8.83011559e+00,   2.11188822e+00,   5.64220473e-01, 
              2.73196946e+00,   7.80307992e+00,   4.04192261e+00,   6.54575005e+00,   5.54841617e+00, 
              1.81432087e+00,   4.47603926e-01,   4.36655196e+00,   5.73578311e+00,   6.21401090e+00, 
              7.35591486e+00,   1.20460363e-01,   1.15864776e-01,   2.55905327e+00,   1.60098614e+00, 
              6.88358735e+00,   5.93906592e+00,   4.25525734e+00,   7.85441221e-01,   3.97590223e+00, 
              7.56186313e+00,   5.30050861e+00,   2.33894098e+00,  -1.70561965e+00,   1.13986547e+01, 
              7.57602715e+00,   8.34694040e+00,   5.70786477e+00,   3.17278984e-01,  -2.49069693e+00, 
              1.18060109e+01,   9.59768915e+00,   7.25337076e+00,   3.13444711e+00,   2.57789172e+00, 
             -1.39712729e+00,   9.23259323e+00,   7.33707643e+00,  -1.02973186e+00,   6.00057579e+00, 
              3.84700764e+00,   6.88597532e+00,   1.20987219e+01,   6.06796049e+00,   5.03895776e+00, 
              6.68600741e+00,   2.69786284e+00,   8.17285713e-01,   5.87861286e-01,   7.21710531e+00, 
              3.51043973e+00,   5.78104253e+00,   1.33852070e+00,   2.34580373e+00,   1.18791887e+01, 
              8.57644743e+00,   5.29202299e+00,   8.83011559e+00,   2.11188822e+00,   5.64220473e-01, 
              2.73196946e+00,   7.80307992e+00,   4.04192261e+00,   6.54575005e+00,   5.54841617e+00, 
              1.81432087e+00,   4.47603926e-01,   4.36655196e+00,   5.73578311e+00,   6.21401090e+00, 
              7.35591486e+00,   1.20460363e-01,   1.15864776e-01,   2.55905327e+00,   1.60098614e+00, 
              6.88358735e+00,   5.93906592e+00,   4.25525734e+00,   7.85441221e-01,   3.97590223e+00, 
              7.56186313e+00,   5.30050861e+00,   2.33894098e+00,  -1.70561965e+00,   1.13986547e+01, 
              7.57602715e+00,   8.34694040e+00,   5.70786477e+00,   3.17278984e-01,  -2.49069693e+00, 
              1.18060109e+01,   9.59768915e+00,   7.25337076e+00,   3.13444711e+00,   2.57789172e+00, 
             -1.39712729e+00,   9.23259323e+00,   7.33707643e+00,  -1.02973186e+00,   6.00057579e+00, 
              3.84700764e+00,   6.88597532e+00,   1.20987219e+01,   6.06796049e+00,   5.03895776e+00, 
              6.68600741e+00,   2.69786284e+00,   8.17285713e-01,   5.87861286e-01,   7.21710531e+00, 
              3.51043973e+00,   5.78104253e+00,   1.33852070e+00,   2.34580373e+00,   1.18791887e+01, 
              8.57644743e+00,   5.29202299e+00,   8.83011559e+00,   2.11188822e+00,   5.64220473e-01, 
              2.73196946e+00,   7.80307992e+00,   4.04192261e+00,   6.54575005e+00,   5.54841617e+00, 
              1.81432087e+00,   4.47603926e-01,   4.36655196e+00,   5.73578311e+00,   6.21401090e+00, 
              7.35591486e+00,   1.20460363e-01,   1.15864776e-01,   2.55905327e+00,   1.60098614e+00, 
              6.88358735e+00,   5.93906592e+00,   4.25525734e+00,   7.85441221e-01,   3.97590223e+00, 
              7.56186313e+00,   5.30050861e+00,   2.33894098e+00,  -1.70561965e+00,   1.13986547e+01, 
              7.57602715e+00,   8.34694040e+00,   5.70786477e+00,   3.17278984e-01,  -2.49069693e+00, 
              1.18060109e+01,   9.59768915e+00,   7.25337076e+00,   3.13444711e+00,   2.57789172e+00, 
             -1.39712729e+00,   9.23259323e+00,   7.33707643e+00,  -1.02973186e+00,   6.00057579e+00, 
              3.84700764e+00,   6.88597532e+00,   1.20987219e+01,   6.06796049e+00,   5.03895776e+00, 
              6.68600741e+00,   2.69786284e+00,   8.17285713e-01,   5.87861286e-01,   7.21710531e+00, 
              3.51043973e+00,   5.78104253e+00,   1.33852070e+00,   2.34580373e+00,   1.18791887e+01, 
              8.57644743e+00,   5.29202299e+00,   8.83011559e+00,   2.11188822e+00,   5.64220473e-01, 
              2.73196946e+00,   7.80307992e+00,   4.04192261e+00,   6.54575005e+00,   5.54841617e+00, 
              1.81432087e+00,   4.47603926e-01,   4.36655196e+00,   5.73578311e+00,   6.21401090e+00, 
              7.35591486e+00,   1.20460363e-01,   1.15864776e-01,   2.55905327e+00,   1.60098614e+00, 
              6.88358735e+00,   5.93906592e+00,   4.25525734e+00,   7.85441221e-01,   3.97590223e+00, 
              7.56186313e+00,   5.30050861e+00,   2.33894098e+00,  -1.70561965e+00,   1.13986547e+01, 
              7.57602715e+00,   8.34694040e+00,   5.70786477e+00,   3.17278984e-01,  -2.49069693e+00, 
              1.18060109e+01,   9.59768915e+00,   7.25337076e+00,   3.13444711e+00,   2.57789172e+00, 
             -1.39712729e+00,   9.23259323e+00,   7.33707643e+00,  -1.02973186e+00,   6.00057579e+00, 
              3.84700764e+00,   6.88597532e+00,   1.20987219e+01,   6.06796049e+00,   5.03895776e+00, 
              6.68600741e+00,   2.69786284e+00,   8.17285713e-01,   5.87861286e-01,   7.21710531e+00, 
              3.51043973e+00,   5.78104253e+00,   1.33852070e+00,   2.34580373e+00,   1.18791887e+01, 
              8.57644743e+00,   5.29202299e+00,   8.83011559e+00,   2.11188822e+00,   5.64220473e-01, 
              2.73196946e+00,   7.80307992e+00,   4.04192261e+00,   6.54575005e+00,   5.54841617e+00, 
              1.81432087e+00,   4.47603926e-01,   4.36655196e+00,   5.73578311e+00,   6.21401090e+00, 
              7.35591486e+00,   1.20460363e-01,   1.15864776e-01,   2.55905327e+00,   1.60098614e+00, 
              6.88358735e+00,   5.93906592e+00,   4.25525734e+00,   7.85441221e-01,   3.97590223e+00, 
              7.56186313e+00,   5.30050861e+00,   2.33894098e+00,  -1.70561965e+00,   1.13986547e+01, 
              7.57602715e+00,   8.34694040e+00,   5.70786477e+00,   3.17278984e-01,  -2.49069693e+00, 
              1.18060109e+01,   9.59768915e+00,   7.25337076e+00,   3.13444711e+00,   2.57789172e+00, 
             -1.39712729e+00,   9.23259323e+00,   7.33707643e+00,  -1.02973186e+00,   6.00057579e+00, 
              3.84700764e+00,   6.88597532e+00,   1.20987219e+01,   6.06796049e+00,   5.03895776e+00, 
              6.68600741e+00,   2.69786284e+00,   8.17285713e-01,   5.87861286e-01,   7.21710531e+00, 
              3.51043973e+00,   5.78104253e+00,   1.33852070e+00,   2.34580373e+00,   1.18791887e+01, 
              8.57644743e+00,   5.29202299e+00,   8.83011559e+00,   2.11188822e+00,   5.64220473e-01, 
              2.73196946e+00,   7.80307992e+00,   4.04192261e+00,   6.54575005e+00,   5.54841617e+00, 
              1.81432087e+00,   4.47603926e-01,   4.36655196e+00,   5.73578311e+00,   6.21401090e+00, 
              7.35591486e+00,   1.20460363e-01,   1.15864776e-01,   2.55905327e+00,   1.60098614e+00, 
              6.88358735e+00,   5.93906592e+00,   4.25525734e+00,   7.85441221e-01,   3.97590223e+00, 
              7.56186313e+00,   5.30050861e+00,   2.33894098e+00,  -1.70561965e+00,   1.13986547e+01, 
              7.57602715e+00,   8.34694040e+00,   5.70786477e+00,   3.17278984e-01,  -2.49069693e+00, 
              1.18060109e+01,   9.59768915e+00,   7.25337076e+00,   3.13444711e+00,   2.57789172e+00, 
             -1.39712729e+00,   9.23259323e+00,   7.33707643e+00,  -1.02973186e+00,   6.00057579e+00, 
              3.84700764e+00,   6.88597532e+00,   1.20987219e+01,   6.06796049e+00,   5.03895776e+00, 
              6.68600741e+00,   2.69786284e+00,   8.17285713e-01,   5.87861286e-01,   7.21710531e+00, 
              3.51043973e+00,   5.78104253e+00,   1.33852070e+00,   2.34580373e+00,   1.18791887e+01, 
              8.57644743e+00,   5.29202299e+00,   8.83011559e+00,   2.11188822e+00,   5.64220473e-01, 
              2.73196946e+00,   7.80307992e+00,   4.04192261e+00,   6.54575005e+00,   5.54841617e+00, 
              1.81432087e+00,   4.47603926e-01,   4.36655196e+00,   5.73578311e+00,   6.21401090e+00, 
              7.35591486e+00,   1.20460363e-01,   1.15864776e-01,   2.55905327e+00,   1.60098614e+00, 
              6.88358735e+00,   5.93906592e+00,   4.25525734e+00,   7.85441221e-01,   3.97590223e+00, 
              7.56186313e+00,   5.30050861e+00,   2.33894098e+00,  -1.70561965e+00,   1.13986547e+01, 
              7.57602715e+00,   8.34694040e+00,   5.70786477e+00,   3.17278984e-01,  -2.49069693e+00, 
              1.18060109e+01,   9.59768915e+00,   7.25337076e+00,   3.13444711e+00,   2.57789172e+00, 
             -1.39712729e+00,   9.23259323e+00,   7.33707643e+00,  -1.02973186e+00,   6.00057579e+00, 
              3.84700764e+00,   6.88597532e+00,   1.20987219e+01,   6.06796049e+00,   5.03895776e+00, 
              6.68600741e+00,   2.69786284e+00,   8.17285713e-01,   5.87861286e-01,   7.21710531e+00, 
              3.51043973e+00,   5.78104253e+00,   1.33852070e+00,   2.34580373e+00,   1.18791887e+01, 
              8.57644743e+00,   5.29202299e+00,   8.83011559e+00,   2.11188822e+00,   5.64220473e-01, 
              2.73196946e+00,   7.80307992e+00,   4.04192261e+00,   6.54575005e+00,   5.54841617e+00, 
              1.81432087e+00,   4.47603926e-01,   4.36655196e+00,   5.73578311e+00,   6.21401090e+00, 
              7.35591486e+00,   1.20460363e-01,   1.15864776e-01,   2.55905327e+00,   1.60098614e+00, 
              6.88358735e+00,   5.93906592e+00,   4.25525734e+00,   7.85441221e-01,   3.97590223e+00, 
              7.56186313e+00,   5.30050861e+00,   2.33894098e+00,  -1.70561965e+00,   1.13986547e+01, 
              7.57602715e+00,   8.34694040e+00,   5.70786477e+00,   3.17278984e-01,  -2.49069693e+00, 
              1.18060109e+01,   9.59768915e+00,   7.25337076e+00,   3.13444711e+00,   2.57789172e+00, 
             -1.39712729e+00,   9.23259323e+00,   7.33707643e+00,  -1.02973186e+00,   6.00057579e+00, 
              3.84700764e+00,   6.88597532e+00,   1.20987219e+01,   6.06796049e+00,   5.03895776e+00, 
              6.68600741e+00,   2.69786284e+00,   8.17285713e-01,   5.87861286e-01,   7.21710531e+00, 
              3.51043973e+00,   5.78104253e+00,   1.33852070e+00,   2.34580373e+00,   1.18791887e+01, 
              8.57644743e+00,   5.29202299e+00,   8.83011559e+00,   2.11188822e+00,   5.64220473e-01, 
              2.73196946e+00,   7.80307992e+00,   4.04192261e+00,   6.54575005e+00,   5.54841617e+00, 
              1.81432087e+00,   4.47603926e-01,   4.36655196e+00,   5.73578311e+00,   6.21401090e+00, 
              7.35591486e+00,   1.20460363e-01,   1.15864776e-01,   2.55905327e+00,   1.60098614e+00, 
              6.88358735e+00,   5.93906592e+00,   4.25525734e+00,   7.85441221e-01,   3.97590223e+00, 
              7.56186313e+00,   5.30050861e+00,   2.33894098e+00,  -1.70561965e+00,   1.13986547e+01, 
              7.57602715e+00,   8.34694040e+00,   5.70786477e+00,   3.17278984e-01,  -2.49069693e+00, 
              1.18060109e+01,   9.59768915e+00,   7.25337076e+00,   3.13444711e+00,   2.57789172e+00, 
             -1.39712729e+00,   9.23259323e+00,   7.33707643e+00,  -1.02973186e+00,   6.00057579e+00, 
              3.84700764e+00,   6.88597532e+00,   1.20987219e+01,   6.06796049e+00,   5.03895776e+00, 
              6.68600741e+00,   2.69786284e+00,   8.17285713e-01,   5.87861286e-01,   7.21710531e+00, 
              3.51043973e+00,   5.78104253e+00,   1.33852070e+00,   2.34580373e+00,   1.18791887e+01, 
              8.57644743e+00,   5.29202299e+00,   8.83011559e+00,   2.11188822e+00,   5.64220473e-01, 
              2.73196946e+00,   7.80307992e+00,   4.04192261e+00,   6.54575005e+00,   5.54841617e+00, 
              1.81432087e+00,   4.47603926e-01,   4.36655196e+00,   5.73578311e+00,   6.21401090e+00, 
              7.35591486e+00,   1.20460363e-01,   1.15864776e-01,   2.55905327e+00,   1.60098614e+00, 
              6.88358735e+00,   5.93906592e+00,   4.25525734e+00,   7.85441221e-01,   3.97590223e+00, 
              7.56186313e+00,   5.30050861e+00,   2.33894098e+00,  -1.70561965e+00,   1.13986547e+01, 
              7.57602715e+00,   8.34694040e+00,   5.70786477e+00,   3.17278984e-01,  -2.49069693e+00, 
              1.18060109e+01,   9.59768915e+00,   7.25337076e+00,   3.13444711e+00,   2.57789172e+00, 
             -1.39712729e+00,   9.23259323e+00,   7.33707643e+00,  -1.02973186e+00,   6.00057579e+00, 
              3.84700764e+00,   6.88597532e+00,   1.20987219e+01,   6.06796049e+00,   5.03895776e+00, 
              6.68600741e+00,   2.69786284e+00,   8.17285713e-01,   5.87861286e-01,   7.21710531e+00, 
              3.51043973e+00,   5.78104253e+00,   1.33852070e+00,   2.34580373e+00,   1.18791887e+01, 
              8.57644743e+00,   5.29202299e+00,   8.83011559e+00,   2.11188822e+00,   5.64220473e-01, 
              2.73196946e+00,   7.80307992e+00,   4.04192261e+00,   6.54575005e+00,   5.54841617e+00, 
              1.81432087e+00,   4.47603926e-01,   4.36655196e+00,   5.73578311e+00,   6.21401090e+00, 
              7.35591486e+00,   1.20460363e-01,   1.15864776e-01,   2.55905327e+00,   1.60098614e+00, 
              6.88358735e+00,   5.93906592e+00,   4.25525734e+00,   7.85441221e-01,   3.97590223e+00, 
              7.56186313e+00,   5.30050861e+00,   2.33894098e+00,  -1.70561965e+00,   1.13986547e+01, 
              7.57602715e+00,   8.34694040e+00,   5.70786477e+00,   3.17278984e-01,  -2.49069693e+00, 
              1.18060109e+01,   9.59768915e+00,   7.25337076e+00,   3.13444711e+00,   2.57789172e+00, 
             -1.39712729e+00,   9.23259323e+00,   7.33707643e+00,  -1.02973186e+00,   6.00057579e+00, 
              3.84700764e+00,   6.88597532e+00,   1.20987219e+01,   6.06796049e+00,   5.03895776e+00, 
              6.68600741e+00,   2.69786284e+00,   8.17285713e-01,   5.87861286e-01,   7.21710531e+00, 
              3.51043973e+00,   5.78104253e+00,   1.33852070e+00,   2.34580373e+00,   1.18791887e+01, 
              8.57644743e+00,   5.29202299e+00,   8.83011559e+00,   2.11188822e+00,   5.64220473e-01, 
              2.73196946e+00,   7.80307992e+00,   4.04192261e+00,   6.54575005e+00,   5.54841617e+00, 
              1.81432087e+00,   4.47603926e-01,   4.36655196e+00,   5.73578311e+00,   6.21401090e+00, 
              7.35591486e+00,   1.20460363e-01,   1.15864776e-01,   2.55905327e+00,   1.60098614e+00, 
              6.88358735e+00,   5.93906592e+00,   4.25525734e+00,   7.85441221e-01,   3.97590223e+00, 
              7.56186313e+00,   5.30050861e+00,   2.33894098e+00,  -1.70561965e+00,   1.13986547e+01, 
              7.57602715e+00,   8.34694040e+00,   5.70786477e+00,   3.17278984e-01,  -2.49069693e+00, 
              1.18060109e+01,   9.59768915e+00,   7.25337076e+00,   3.13444711e+00,   2.57789172e+00, 
             -1.39712729e+00,   9.23259323e+00,   7.33707643e+00,  -1.02973186e+00,   6.00057579e+00, 
              3.84700764e+00,   6.88597532e+00,   1.20987219e+01,   6.06796049e+00,   5.03895776e+00, 
              6.68600741e+00,   2.69786284e+00,   8.17285713e-01,   5.87861286e-01,   7.21710531e+00, 
              3.51043973e+00,   5.78104253e+00,   1.33852070e+00,   2.34580373e+00,   1.18791887e+01, 
              8.57644743e+00,   5.29202299e+00,   8.83011559e+00,   2.11188822e+00,   5.64220473e-01, 
              2.73196946e+00,   7.80307992e+00,   4.04192261e+00,   6.54575005e+00,   5.54841617e+00, 
              1.81432087e+00,   4.47603926e-01,   4.36655196e+00,   5.73578311e+00,   6.21401090e+00, 
              7.35591486e+00,   1.20460363e-01,   1.15864776e-01,   2.55905327e+00,   1.60098614e+00, 
              6.88358735e+00,   5.93906592e+00,   4.25525734e+00,   7.85441221e-01,   3.97590223e+00, 
              7.56186313e+00,   5.30050861e+00,   2.33894098e+00,  -1.70561965e+00,   1.13986547e+01, 
              7.57602715e+00,   8.34694040e+00,   5.70786477e+00,   3.17278984e-01,  -2.49069693e+00, 
              1.18060109e+01,   9.59768915e+00,   7.25337076e+00,   3.13444711e+00,   2.57789172e+00, 
             -1.39712729e+00,   9.23259323e+00,   7.33707643e+00,  -1.02973186e+00,   6.00057579e+00, 
              3.84700764e+00,   6.88597532e+00,   1.20987219e+01,   6.06796049e+00,   5.03895776e+00, 
              6.68600741e+00,   2.69786284e+00,   8.17285713e-01,   5.87861286e-01,   7.21710531e+00, 
              3.51043973e+00,   5.78104253e+00,   1.33852070e+00,   2.34580373e+00,   1.18791887e+01, 
              8.57644743e+00,   5.29202299e+00,   8.83011559e+00,   2.11188822e+00,   5.64220473e-01, 
              2.73196946e+00,   7.80307992e+00,   4.04192261e+00,   6.54575005e+00,   5.54841617e+00, 
              1.81432087e+00,   4.47603926e-01,   4.36655196e+00,   5.73578311e+00,   6.21401090e+00, 
              7.35591486e+00,   1.20460363e-01,   1.15864776e-01,   2.55905327e+00,   1.60098614e+00, 
              6.88358735e+00,   5.93906592e+00,   4.25525734e+00,   7.85441221e-01,   3.97590223e+00, 
              7.56186313e+00,   5.30050861e+00,   2.33894098e+00,  -1.70561965e+00,   1.13986547e+01, 
              7.57602715e+00,   8.34694040e+00,   5.70786477e+00,   3.17278984e-01,  -2.49069693e+00, 
              1.18060109e+01,   9.59768915e+00,   7.25337076e+00,   3.13444711e+00,   2.57789172e+00, 
             -1.39712729e+00,   9.23259323e+00,   7.33707643e+00,  -1.02973186e+00,   6.00057579e+00, 
              3.84700764e+00,   6.88597532e+00,   1.20987219e+01,   6.06796049e+00,   5.03895776e+00, 
              6.68600741e+00,   2.69786284e+00,   8.17285713e-01,   5.87861286e-01,   7.21710531e+00, 
              3.51043973e+00,   5.78104253e+00,   1.33852070e+00,   2.34580373e+00,   1.18791887e+01, 
              8.57644743e+00,   5.29202299e+00,   8.83011559e+00,   2.11188822e+00,   5.64220473e-01, 
              2.73196946e+00,   7.80307992e+00,   4.04192261e+00,   6.54575005e+00,   5.54841617e+00, 
              1.81432087e+00,   4.47603926e-01,   4.36655196e+00,   5.73578311e+00,   6.21401090e+00, 
              7.35591486e+00,   1.20460363e-01,   1.15864776e-01,   2.55905327e+00,   1.60098614e+00, 
              6.88358735e+00,   5.93906592e+00,   4.25525734e+00,   7.85441221e-01,   3.97590223e+00, 
              7.56186313e+00,   5.30050861e+00,   2.33894098e+00,  -1.70561965e+00,   1.13986547e+01, 
              7.57602715e+00,   8.34694040e+00,   5.70786477e+00,   3.17278984e-01,  -2.49069693e+00, 
              1.18060109e+01,   9.59768915e+00,   7.25337076e+00,   3.13444711e+00,   2.57789172e+00, 
             -1.39712729e+00,   9.23259323e+00,   7.33707643e+00,  -1.02973186e+00,   6.00057579e+00, 
              3.84700764e+00,   6.88597532e+00,   1.20987219e+01,   6.06796049e+00,   5.03895776e+00, 
              6.68600741e+00,   2.69786284e+00,   8.17285713e-01,   5.87861286e-01,   7.21710531e+00, 
              3.51043973e+00,   5.78104253e+00,   1.33852070e+00,   2.34580373e+00,   1.18791887e+01, 
              8.57644743e+00,   5.29202299e+00,   8.83011559e+00,   2.11188822e+00,   5.64220473e-01, 
              2.73196946e+00,   7.80307992e+00,   4.04192261e+00,   6.54575005e+00,   5.54841617e+00, 
              1.81432087e+00,   4.47603926e-01,   4.36655196e+00,   5.73578311e+00,   6.21401090e+00, 
              7.35591486e+00,   1.20460363e-01,   1.15864776e-01,   2.55905327e+00,   1.60098614e+00, 
              6.88358735e+00,   5.93906592e+00,   4.25525734e+00,   7.85441221e-01,   3.97590223e+00, 
              7.56186313e+00,   5.30050861e+00,   2.33894098e+00,  -1.70561965e+00,   1.13986547e+01, 
              7.57602715e+00,   8.34694040e+00,   5.70786477e+00,   3.17278984e-01,  -2.49069693e+00, 
              1.18060109e+01,   9.59768915e+00,   7.25337076e+00,   3.13444711e+00,   2.57789172e+00, 
             -1.39712729e+00,   9.23259323e+00,   7.33707643e+00,  -1.02973186e+00,   6.00057579e+00, 
              3.84700764e+00,   6.88597532e+00,   1.20987219e+01,   6.06796049e+00,   5.03895776e+00, 
              6.68600741e+00,   2.69786284e+00,   8.17285713e-01,   5.87861286e-01,   7.21710531e+00, 
              3.51043973e+00,   5.78104253e+00,   1.33852070e+00,   2.34580373e+00,   1.18791887e+01, 
              8.57644743e+00,   5.29202299e+00,   8.83011559e+00,   2.11188822e+00,   5.64220473e-01, 
              2.73196946e+00,   7.80307992e+00,   4.04192261e+00,   6.54575005e+00,   5.54841617e+00, 
              1.81432087e+00,   4.47603926e-01,   4.36655196e+00,   5.73578311e+00,   6.21401090e+00, 
              7.35591486e+00,   1.20460363e-01,   1.15864776e-01,   2.55905327e+00,   1.60098614e+00, 
              6.88358735e+00,   5.93906592e+00,   4.25525734e+00,   7.85441221e-01,   3.97590223e+00, 
              7.56186313e+00,   5.30050861e+00,   2.33894098e+00,  -1.70561965e+00,   1.13986547e+01, 
              7.57602715e+00,   8.34694040e+00,   5.70786477e+00,   3.17278984e-01,  -2.49069693e+00, 
              1.18060109e+01,   9.59768915e+00,   7.25337076e+00,   3.13444711e+00,   2.57789172e+00, 
             -1.39712729e+00,   9.23259323e+00,   7.33707643e+00,  -1.02973186e+00,   6.00057579e+00, 
              3.84700764e+00,   6.88597532e+00,   1.20987219e+01,   6.06796049e+00,   5.03895776e+00, 
              6.68600741e+00,   2.69786284e+00,   8.17285713e-01,   5.87861286e-01,   7.21710531e+00, 
              3.51043973e+00,   5.78104253e+00,   1.33852070e+00,   2.34580373e+00,   1.18791887e+01, 
              8.57644743e+00,   5.29202299e+00,   8.83011559e+00,   2.11188822e+00,   5.64220473e-01, 
              2.73196946e+00,   7.80307992e+00,   4.04192261e+00,   6.54575005e+00,   5.54841617e+00, 
              1.81432087e+00,   4.47603926e-01,   4.36655196e+00,   5.73578311e+00,   6.21401090e+00, 
              7.35591486e+00,   1.20460363e-01,   1.15864776e-01,   2.55905327e+00,   1.60098614e+00, 
              6.88358735e+00,   5.93906592e+00,   4.25525734e+00,   7.85441221e-01,   3.97590223e+00, 
              7.56186313e+00,   5.30050861e+00,   2.33894098e+00,  -1.70561965e+00,   1.13986547e+01, 
              7.57602715e+00,   8.34694040e+00,   5.70786477e+00,   3.17278984e-01,  -2.49069693e+00, 
              1.18060109e+01,   9.59768915e+00,   7.25337076e+00,   3.13444711e+00,   2.57789172e+00, 
             -1.39712729e+00,   9.23259323e+00,   7.33707643e+00,  -1.02973186e+00,   6.00057579e+00, 
              3.84700764e+00,   6.88597532e+00,   1.20987219e+01,   6.06796049e+00,   5.03895776e+00, 
              6.68600741e+00,   2.69786284e+00,   8.17285713e-01,   5.87861286e-01,   7.21710531e+00, 
              3.51043973e+00,   5.78104253e+00,   1.33852070e+00,   2.34580373e+00,   1.18791887e+01, 
              8.57644743e+00,   5.29202299e+00,   8.83011559e+00,   2.11188822e+00,   5.64220473e-01, 
              2.73196946e+00,   7.80307992e+00,   4.04192261e+00,   6.54575005e+00,   5.54841617e+00, 
              1.81432087e+00,   4.47603926e-01,   4.36655196e+00,   5.73578311e+00,   6.21401090e+00, 
              7.35591486e+00,   1.20460363e-01,   1.15864776e-01,   2.55905327e+00,   1.60098614e+00, 
              6.88358735e+00,   5.93906592e+00,   4.25525734e+00,   7.85441221e-01,   3.97590223e+00, 
              7.56186313e+00,   5.30050861e+00,   2.33894098e+00,  -1.70561965e+00,   1.13986547e+01, 
              7.57602715e+00,   8.34694040e+00,   5.70786477e+00,   3.17278984e-01,  -2.49069693e+00, 
              1.18060109e+01,   9.59768915e+00,   7.25337076e+00,   3.13444711e+00,   2.57789172e+00, 
             -1.39712729e+00,   9.23259323e+00,   7.33707643e+00,  -1.02973186e+00,   6.00057579e+00, 
              3.84700764e+00,   6.88597532e+00,   1.20987219e+01,   6.06796049e+00,   5.03895776e+00, 
              6.68600741e+00,   2.69786284e+00,   8.17285713e-01,   5.87861286e-01,   7.21710531e+00, 
              3.51043973e+00,   5.78104253e+00,   1.33852070e+00,   2.34580373e+00,   1.18791887e+01, 
              8.57644743e+00,   5.29202299e+00,   8.83011559e+00,   2.11188822e+00,   5.64220473e-01, 
              2.73196946e+00,   7.80307992e+00,   4.04192261e+00,   6.54575005e+00,   5.54841617e+00, 
              1.81432087e+00,   4.47603926e-01,   4.36655196e+00,   5.73578311e+00,   6.21401090e+00, 
              7.35591486e+00,   1.20460363e-01,   1.15864776e-01,   2.55905327e+00,   1.60098614e+00, 
              6.88358735e+00,   5.93906592e+00,   4.25525734e+00,   7.85441221e-01,   3.97590223e+00, 
              7.56186313e+00,   5.30050861e+00,   2.33894098e+00,  -1.70561965e+00,   1.13986547e+01, 
              7.57602715e+00,   8.34694040e+00,   5.70786477e+00,   3.17278984e-01,  -2.49069693e+00, 
              1.18060109e+01,   9.59768915e+00,   7.25337076e+00,   3.13444711e+00,   2.57789172e+00, 
             -1.39712729e+00,   9.23259323e+00,   7.33707643e+00,  -1.02973186e+00,   6.00057579e+00, 
              3.84700764e+00,   6.88597532e+00,   1.20987219e+01,   6.06796049e+00,   5.03895776e+00, 
              6.68600741e+00,   2.69786284e+00,   8.17285713e-01,   5.87861286e-01,   7.21710531e+00, 
              3.51043973e+00,   5.78104253e+00,   1.33852070e+00,   2.34580373e+00,   1.18791887e+01, 
              8.57644743e+00,   5.29202299e+00,   8.83011559e+00,   2.11188822e+00,   5.64220473e-01, 
              2.73196946e+00,   7.80307992e+00,   4.04192261e+00,   6.54575005e+00,   5.54841617e+00, 
              1.81432087e+00,   4.47603926e-01,   4.36655196e+00,   5.73578311e+00,   6.21401090e+00, 
              7.35591486e+00,   1.20460363e-01,   1.15864776e-01,   2.55905327e+00,   1.60098614e+00, 
              6.88358735e+00,   5.93906592e+00,   4.25525734e+00,   7.85441221e-01,   3.97590223e+00, 
              7.56186313e+00,   5.30050861e+00,   2.33894098e+00,  -1.70561965e+00,   1.13986547e+01, 
              7.57602715e+00,   8.34694040e+00,   5.70786477e+00,   3.17278984e-01,  -2.49069693e+00, 
              1.18060109e+01,   9.59768915e+00,   7.25337076e+00,   3.13444711e+00,   2.57789172e+00, 
             -1.39712729e+00,   9.23259323e+00,   7.33707643e+00,  -1.02973186e+00,   6.00057579e+00, 
              3.84700764e+00,   6.88597532e+00,   1.20987219e+01,   6.06796049e+00,   5.03895776e+00, 
              6.68600741e+00,   2.69786284e+00,   8.17285713e-01,   5.87861286e-01,   7.21710531e+00, 
              3.51043973e+00,   5.78104253e+00,   1.33852070e+00,   2.34580373e+00,   1.18791887e+01, 
              8.57644743e+00,   5.29202299e+00,   8.83011559e+00,   2.11188822e+00,   5.64220473e-01, 
              2.73196946e+00,   7.80307992e+00,   4.04192261e+00,   6.54575005e+00,   5.54841617e+00, 
              1.81432087e+00,   4.47603926e-01,   4.36655196e+00,   5.73578311e+00,   6.21401090e+00, 
              7.35591486e+00,   1.20460363e-01,   1.15864776e-01,   2.55905327e+00,   1.60098614e+00, 
              6.88358735e+00,   5.93906592e+00,   4.25525734e+00,   7.85441221e-01,   3.97590223e+00, 
              7.56186313e+00,   5.30050861e+00,   2.33894098e+00,  -1.70561965e+00,   1.13986547e+01, 
              7.57602715e+00,   8.34694040e+00,   5.70786477e+00,   3.17278984e-01,  -2.49069693e+00, 
              1.18060109e+01,   9.59768915e+00,   7.25337076e+00,   3.13444711e+00,   2.57789172e+00, 
             -1.39712729e+00,   9.23259323e+00,   7.33707643e+00,  -1.02973186e+00,   6.00057579e+00, 
              3.84700764e+00,   6.88597532e+00,   1.20987219e+01,   6.06796049e+00,   5.03895776e+00, 
              6.68600741e+00,   2.69786284e+00,   8.17285713e-01,   5.87861286e-01,   7.21710531e+00, 
              3.51043973e+00,   5.78104253e+00,   1.33852070e+00,   2.34580373e+00,   1.18791887e+01, 
              8.57644743e+00,   5.29202299e+00,   8.83011559e+00,   2.11188822e+00,   5.64220473e-01, 
              2.73196946e+00,   7.80307992e+00,   4.04192261e+00,   6.54575005e+00,   5.54841617e+00, 
              1.81432087e+00,   4.47603926e-01,   4.36655196e+00,   5.73578311e+00,   6.21401090e+00, 
              7.35591486e+00,   1.20460363e-01,   1.15864776e-01,   2.55905327e+00,   1.60098614e+00, 
              6.88358735e+00,   5.93906592e+00,   4.25525734e+00,   7.85441221e-01,   3.97590223e+00, 
              7.56186313e+00,   5.30050861e+00,   2.33894098e+00,  -1.70561965e+00,   1.13986547e+01, 
              7.57602715e+00,   8.34694040e+00,   5.70786477e+00,   3.17278984e-01,  -2.49069693e+00, 
              1.18060109e+01,   9.59768915e+00,   7.25337076e+00,   3.13444711e+00,   2.57789172e+00, 
             -1.39712729e+00,   9.23259323e+00,   7.33707643e+00,  -1.02973186e+00,   6.00057579e+00, 
              3.84700764e+00,   6.88597532e+00,   1.20987219e+01,   6.06796049e+00,   5.03895776e+00, 
              6.68600741e+00,   2.69786284e+00,   8.17285713e-01,   5.87861286e-01,   7.21710531e+00, 
              3.51043973e+00,   5.78104253e+00,   1.33852070e+00,   2.34580373e+00,   1.18791887e+01, 
              8.57644743e+00,   5.29202299e+00,   8.83011559e+00,   2.11188822e+00,   5.64220473e-01, 
              2.73196946e+00,   7.80307992e+00,   4.04192261e+00,   6.54575005e+00,   5.54841617e+00, 
              1.81432087e+00,   4.47603926e-01,   4.36655196e+00,   5.73578311e+00,   6.21401090e+00, 
              7.35591486e+00,   1.20460363e-01,   1.15864776e-01,   2.55905327e+00,   1.60098614e+00, 
              6.88358735e+00,   5.93906592e+00,   4.25525734e+00,   7.85441221e-01,   3.97590223e+00 ]
         </q>
         <p shape='(32, 60)'>
          [  -4.01160097e+00,  -6.80950602e+00,  -1.21472507e+00,   7.27823330e+00,   8.09568013e+00, 
             -8.94193673e+00,  -1.05463468e+00,   1.21112087e+00,  -3.29930846e+00,  -4.12600416e+00, 
             -1.51990441e+00,   1.83333963e+00,  -2.48132989e+00,  -2.78594050e+00,   3.39848123e+00, 
             -2.49517784e-01,  -2.46128367e+00,   9.26196755e-01,   1.88880885e+00,  -9.39657557e-01, 
             -8.43120185e-01,  -2.96053807e+00,  -3.19873971e+00,  -1.16334977e+00,   8.60767342e+00, 
              5.01836613e+00,  -7.28999786e-01,   5.55978611e+00,   8.78783636e+00,  -3.29094680e-01, 
             -4.32302676e-01,  -2.19107499e-01,   1.88836915e+00,   3.41504648e-01,  -2.37278451e-01, 
              3.38618641e+00,   5.00647145e+00,  -8.15829120e-01,  -1.82825747e-01,   3.40090644e+00, 
             -4.54815124e-01,   9.51801336e-01,   2.44940665e-01,   8.79016799e+00,   2.40233092e+00, 
             -8.98041724e+00,  -3.56713205e-01,   3.50108920e-01,   3.83220900e+00,   3.36554755e+00, 
              1.78516680e+00,   6.47161851e+00,   5.20984241e+00,   4.96740905e+00,   5.43305162e+00, 
              1.65071608e+00,   8.62212194e+00,  -1.16174417e+01,  -9.06083717e-01,  -1.35172368e+01, 
             -1.74861205e+00,  -5.53776690e+00,  -3.45791941e+00,  -1.21441996e+01,   1.61168231e+00, 
             -8.58874615e+00,   2.80160107e+00,   8.64186099e-01,  -1.14606607e-01,   6.89117542e-01, 
              4.39786859e+00,  -1.02994117e+00,   9.12248205e-01,   1.39409629e+00,   3.53840539e+00, 
              3.99041563e-01,   3.09721961e+00,   2.59332053e+00,  -3.61414949e-02,  -3.50057094e-01, 
             -2.57301790e+00,   1.78297366e+00,  -1.20059531e+00,  -6.66708594e-01,  -1.58987029e+01, 
             -5.06880694e+00,   1.89929876e+00,   8.03739200e+00,   1.01131624e+01,  -3.99997308e+00, 
              2.24999695e+00,   4.12094708e+00,   2.52979861e+00,  -5.78005279e-01,  -2.01167609e+00, 
              2.85064049e+00,  -1.11060475e+00,   2.00923927e+00,  -5.27704670e-01,   1.68131281e+00, 
             -1.43591182e+00,   1.59111401e+00,   3.91069937e+00,   1.38421107e+00,  -3.03273748e+00, 
              5.39019111e+00,   9.78634541e-02,  -1.87183328e+00,  -8.45850782e+00,   4.91166025e+00, 
              1.31713180e+01,   6.90287176e+00,  -7.38540411e+00,  -4.60880740e+00,  -2.16747544e+00, 
              6.19932907e-01,   3.09133465e+00,  -8.92745540e+00,   6.74089751e+00,  -6.69647174e+00, 
             -3.55661677e+00,  -5.16308523e+00,  -3.75080424e+00,  -3.67356972e+00,  -3.32334115e+00, 
             -8.46468136e+00,   2.44902207e+00,  -1.65106465e+00,   2.88367018e-01,   1.45838516e+00, 
             -3.70596419e+00,  -9.07715741e-02,  -1.74559950e-01,  -2.92900577e-01,  -2.76980515e+00, 
              1.53889612e-01,   4.34579586e-01,  -4.71300958e-01,  -6.97398813e-01,   1.79352162e+00, 
              1.84260143e+00,   9.87456025e-01,   2.86432873e+00,  -8.49687614e-01,   4.20689766e+00, 
             -1.20331475e+01,  -1.08252122e+00,   8.32136403e+00,  -5.83876356e+00,   1.15740364e+01, 
              1.47762432e+00,   2.27273445e+00,  -3.95152826e+00,  -6.80407221e-02,   2.40889854e+00, 
              4.19424628e-01,  -1.85869577e+00,   1.32918052e+00,   3.96215490e-01,  -1.21502391e-01, 
              2.22961478e+00,   1.20356644e+00,   6.52226217e-01,  -1.03799444e+01,  -1.58470936e+01, 
             -9.11647220e-01,   1.12533403e+01,   5.76590196e+00,   1.03474356e+01,   3.30141017e+00, 
             -7.94228325e+00,   4.45657646e+00,  -6.67258018e+00,  -9.13357787e+00,  -2.45121534e+00, 
             -9.76142802e+00,  -2.67509578e-01,   5.42268121e+00,   7.43303853e+00,  -6.93172975e+00, 
             -6.14641141e+00,   3.50208466e+00,   5.45535287e+00,  -5.43728009e+00,   3.59073933e+00, 
             -4.34663169e+00,  -7.81804422e-01,  -1.73111214e+00,   1.47616117e+00,  -1.08012701e+00, 
              2.55757982e+00,   4.52320852e-01,   6.92157355e-01,  -1.34869610e+00,   1.45120972e-01, 
              1.75891651e+00,   2.65504762e+00,  -1.48411457e+00,   1.26020920e+00,   2.11560856e+00, 
              4.95646608e-01,  -8.31156705e-01,   1.04221265e+00,   1.79364648e+00,   6.62535899e+00, 
             -1.44589261e+00,  -8.49024257e+00,   1.05697852e+01,   9.55837698e-01,  -6.74369861e+00, 
             -2.96389955e+00,  -9.89857892e-01,  -1.94620559e+00,   1.90733977e+00,  -1.25727124e+00, 
             -1.56202712e+00,  -1.49332807e+00,   8.69648070e-01,   7.59517317e-01,  -2.59911214e+00, 
              1.67339654e+00,  -2.68921927e-01,   6.01892739e+00,   7.23116393e+00,  -1.30213834e+01, 
              1.47255736e+01,  -4.67368921e+00,   2.86110953e+00,  -1.32053497e+01,  -4.36532868e+00, 
             -1.78173025e+01,   4.29278898e+00,   2.26802179e-01,  -2.62797494e+00,   1.94806807e+01, 
              2.00354021e+00,  -2.14716893e+00,  -1.60318811e+01,  -1.92673832e+00,  -7.01601773e+00, 
              9.35743343e-01,  -2.83543717e+00,   1.24440189e+00,  -4.02825935e+00,   5.47234791e+00, 
             -1.01686454e+01,   1.02998899e+00,   6.66281711e-01,   2.11552088e+00,   4.39578128e+00, 
             -4.37551896e+00,   5.16916185e-01,   3.65991870e+00,   3.89348172e+00,   3.86760787e+00, 
              4.73686649e+00,   1.82062872e+00,  -1.00760055e+00,   2.32541552e+00,  -1.04200017e+00, 
             -1.10176417e+00,   1.05454770e+00,   4.18007031e+00,   8.72057585e-01,   1.58680296e-01, 
             -8.75455063e+00,   1.09782505e+01,  -8.12495578e-01,  -1.66379307e+00,  -3.91463754e+00, 
             -1.99840535e+00,   4.59021499e-02,   6.49464582e-01,  -3.62466416e+00,   2.74903498e+00, 
             -7.27362197e-01,   2.03533105e+00,  -2.67368266e-01,   3.55783292e-01,   1.79046603e+00, 
              2.36844408e+00,  -2.61587036e+00,  -2.07936434e+00,  -1.14850191e+01,  -1.29238398e+01, 
             -2.92635799e+00,   5.05667057e+00,   3.30930762e-01,   5.42265929e+00,  -4.05260200e-02, 
              1.06994850e+01,  -4.44979327e+00,  -1.21661560e+01,  -4.94133051e+00,   6.85727255e+00, 
             -4.78200161e+00,   5.23893610e+00,   1.63353724e+00,  -3.41368354e+00,   1.62988219e+01, 
             -1.30099536e+01,  -5.76649223e-01,  -3.65104353e+00,   2.28886656e-01,   2.73007018e+00, 
             -9.36112113e+00,  -4.26697741e-02,   2.65274726e+00,  -3.80356676e-01,  -1.01261703e+00, 
              1.04768774e+00,   1.47542590e+00,   8.52645915e-01,   2.02990007e+00,   5.23481377e+00, 
              2.96246942e+00,  -1.71234664e-01,   1.00792485e+00,  -2.01418417e+00,  -1.60795461e-01, 
              2.34212540e+00,   3.18899923e-01,   4.76791357e-01,  -1.44410089e+00,  -7.83365684e+00, 
             -1.36750604e+01,  -5.98766210e+00,   6.77357589e+00,  -4.16826699e+00,   3.70652980e+00, 
              1.70553463e-01,  -1.91649379e+00,  -1.53932237e+00,  -3.23581343e-01,  -3.08529182e+00, 
             -2.26846926e+00,  -1.26202737e+00,   3.11877186e-01,   1.08939935e-01,   6.26722436e-01, 
             -8.79304153e-01,   2.98649010e+00,   2.41799056e+00,  -2.29562400e+00,   4.26480002e+00, 
             -1.10959124e+01,   4.13512781e+00,  -3.92463376e+00,   1.48057303e+01,  -2.16986726e+01, 
             -6.34342643e+00,  -6.85563763e+00,   1.14095336e+00,  -1.13348910e+01,  -4.77361720e+00, 
              1.38076870e+00,  -2.66007596e+00,   4.62208104e+00,   9.23743529e+00,  -1.37712595e+01, 
             -3.47950629e+00,   1.26163861e+00,  -8.62039616e+00,  -3.04095713e+00,  -7.03552216e-01, 
             -6.29023503e+00,   3.19712780e-01,  -4.85044092e-01,  -1.38136435e+00,  -2.25946880e+00, 
              9.48637897e-01,   3.07690898e+00,  -2.49079555e-01,   1.66151068e+00,   1.89686954e+00, 
              2.60292592e+00,  -1.16233321e+00,  -1.25703658e+00,   1.55958855e+00,  -1.66236571e+00, 
             -2.68785878e-01,   1.15243879e-01,   3.65744967e-01,   1.04977010e-01,  -1.64579723e+00, 
              6.38259299e+00,  -3.75395463e+00,  -4.01176555e+00,  -1.82237316e+00,  -1.24196816e+00, 
              1.35108710e+00,  -1.64416601e+00,   1.36007521e-01,  -1.37231316e+00,   5.62845409e+00, 
             -1.13832984e+00,  -3.24553007e+00,  -2.06162437e+00,   1.29075063e+00,   1.21311250e+00, 
             -2.33148073e+00,  -1.08794586e+00,   6.08467391e-01,  -1.02957790e+01,  -4.65242058e+00, 
             -6.02231264e+00,  -7.61516391e+00,  -2.73473696e+00,  -5.80653195e+00,   1.44360448e+00, 
             -1.46737674e+00,   6.33670466e+00,   2.89733273e+00,  -2.59151454e+00,  -2.99402940e+00, 
             -3.20576150e+00,   7.35520373e+00,   6.62060829e+00,   6.94311849e+00,  -3.20693638e+00, 
              3.22921854e+00,   1.40530518e+01,  -8.70596389e+00,  -1.10391724e+01,   6.14751401e+00, 
              6.83833919e+00,  -5.89723763e-02,   5.27930587e-01,  -5.56930799e-01,  -7.98168782e-01, 
             -1.99361391e-02,   1.15017181e+00,  -2.82542574e+00,  -6.37383815e-01,  -2.54382896e+00, 
             -5.88814276e-01,   5.84814814e+00,  -1.54895203e+00,  -3.88245942e+00,   4.89404111e-01, 
             -1.11267920e+00,  -1.36337914e+00,  -1.05001977e+00,   1.50360785e+00,  -4.74782738e+00, 
             -2.87268695e+00,   1.30738654e+00,   8.13645251e-01,  -3.58814225e+00,   2.47564264e+00, 
             -2.35420952e+00,  -3.77653689e+00,   3.62312810e+00,  -2.61086707e-01,   1.97784674e+00, 
              3.45066743e+00,  -4.06000747e+00,  -1.87083748e+00,  -6.92666213e-01,  -1.57443199e+00, 
              5.78292230e-01,  -2.42882511e-01,  -5.18372307e+00,   1.49128870e+01,   3.12923529e+00, 
             -3.15072082e+00,   4.46177675e+00,   1.05098968e+00,  -1.02088877e+01,  -2.45026475e-01, 
             -5.57570272e+00,  -1.32202872e+00,  -8.05389938e+00,  -1.12547035e+01,   1.08330529e+01, 
             -6.28079519e+00,   8.66682954e+00,   5.58630627e+00,   4.56421601e+00,   8.86788776e+00, 
             -6.66051511e-01,   1.55503194e+01,  -7.89535331e+00,   6.97750267e+00,  -5.10999268e+00, 
             -6.66906563e+00,   2.02936417e-02,   1.70496492e+00,   1.15649261e-01,   1.02536777e+00, 
              7.03282011e-01,   7.38846066e-01,   6.04227116e-01,  -1.11991446e-01,   5.20647340e-01, 
             -1.55869911e+00,  -2.03519002e+00,   7.97592237e-01,   2.09250628e+00,  -2.93264879e+00, 
              2.05429904e+00,  -1.55103711e+00,   6.41023384e-01,   2.82841068e+00,   2.32622475e+00, 
             -3.28766847e+00,  -1.31852343e+00,  -1.14379869e+00,   4.07965628e+00,   3.63868561e+00, 
             -1.87147799e+00,   2.37297989e+00,   3.49590189e-01,   1.45521268e+00,   6.91275301e-01, 
             -4.14315199e-01,  -6.97131779e-02,  -3.05703183e+00,   5.98867871e-01,  -1.05839289e+00, 
              3.41477976e+00,  -1.89440781e+00,  -2.77286546e+00,  -9.05734786e+00,   7.27505720e+00, 
              5.44627245e+00,  -4.83985119e+00,   6.36491661e+00,  -3.12072668e+00,   1.17479210e+01, 
             -3.90734257e+00,   2.31093331e+00,   1.77595189e+01,   6.37015748e+00,   2.37636937e+00, 
              8.93168767e+00,   1.50231762e+01,  -5.31508319e+00,  -1.97997359e-01,  -4.22947752e+00, 
              6.38094449e+00,  -2.30021767e+00,  -3.11371495e+00,   1.17976323e+01,  -1.00040692e+01, 
              5.69321589e+00,   1.05699089e+00,  -1.77726119e+00,   8.50030940e-01,   8.15441654e-01, 
             -1.32371577e+00,   1.34392516e+00,   1.34757669e+00,  -1.90760298e+00,   5.76344587e-01, 
             -9.93861709e-01,   7.25493770e-01,   1.78372283e+00,   2.67185545e+00,   8.85639807e-01, 
              1.05301102e+00,   1.93322389e+00,   4.87062690e-01,  -1.45842425e+00,  -4.52035520e+00, 
              1.56137770e+00,   5.24540602e+00,   2.83056086e+00,   9.18878425e+00,  -2.75204671e+00, 
              2.81945356e+00,   5.46055445e-01,  -2.51597303e+00,   2.32108662e+00,   6.89032970e-01, 
              1.90362154e+00,   1.13333568e+00,  -6.26820732e-01,  -1.60346527e+00,   3.79985902e+00, 
              8.18641538e-01,  -3.42873895e+00,   3.57229736e+00,   2.19701616e+00,   2.03962756e+00, 
             -2.88074305e+00,   3.14723041e+00,   2.36300888e+00,  -1.00270075e+01,   4.54005903e+00, 
              9.13113336e-01,  -3.53142084e+00,   7.27649600e+00,  -1.04572711e+01,  -9.04253576e+00, 
             -4.07319201e+00,   3.31147726e-01,  -2.40449080e+00,   1.13961615e+01,  -7.78094627e+00, 
              2.31593400e-01,  -3.89619494e+00,  -6.49369992e+00,   4.87607899e+00,   5.04551096e+00, 
             -7.52046340e-01,  -1.85839349e-02,  -2.76839891e-01,  -3.75317285e+00,  -1.68932000e+00, 
              2.72204603e+00,  -1.29131960e+00,  -1.01105293e+00,  -8.95878981e-02,  -1.83352967e+00, 
              3.36146273e-01,   6.13909000e-01,   3.84711194e-01,   2.34891237e+00,   2.23469225e+00, 
             -3.61445331e+00,  -4.44892453e-01,  -6.56972874e-01,   1.07059688e+00,  -4.48189565e+00, 
              5.71264895e+00,  -9.21419683e+00,  -5.35324090e+00,   6.72053897e+00,  -1.21810113e+00, 
              8.75190533e-01,  -2.34450788e+00,  -4.55013406e-01,   3.57525419e-02,  -2.51052018e+00, 
             -2.21995471e+00,   7.86559435e-01,   4.13707789e+00,   3.19933663e+00,  -1.80910804e+00, 
             -2.83399370e+00,   3.25964194e+00,  -6.08186165e+00,   9.17298734e+00,  -6.17443995e+00, 
              8.90444054e+00,  -5.17511243e+00,  -1.41496227e+00,   1.35383416e+01,   1.16367456e+00, 
              3.42581835e+00,  -1.27740595e+00,  -6.49657045e+00,  -4.51344884e+00,   7.15162127e+00, 
             -1.46270606e+01,   1.01917315e+01,  -9.51929595e+00,   8.25481804e+00,   9.17557169e+00, 
              5.13418717e+00,   5.55313792e+00,  -5.68274184e-01,   4.80379258e+00,  -1.67650683e+00, 
             -4.45986698e+00,   2.59742139e+00,  -1.90943000e+00,   3.46051725e-01,  -3.61109525e-01, 
              8.85614645e-01,  -1.39720877e+00,   1.22800623e+00,   1.49415398e+00,  -3.60448792e-01, 
             -1.19222106e+00,   1.06396217e+00,  -2.78383985e+00,   1.73330687e+00,  -2.90653762e+00, 
              5.28490098e+00,   3.24905743e+00,  -9.39472170e-01,   2.47538942e+00,  -1.55998584e+00, 
              1.05044746e+01,   1.25944278e+01,  -3.53767987e+00,   1.60297320e+00,   5.26743344e+00, 
              1.81319536e+00,  -7.24115296e-01,   8.06124211e-01,  -6.54019088e-01,  -8.47584265e-01, 
             -2.60572904e-01,  -1.40054589e+00,  -1.86745488e+00,   8.22644406e-01,  -8.66942399e-01, 
              1.35868370e+00,   2.98008141e+00,   2.67935578e+00,  -3.74976945e+00,  -1.43854455e+01, 
              5.46468636e+00,   4.59156462e-01,  -3.47963767e+00,   1.00373830e+01,   9.04059675e-01, 
              1.60151219e+01,  -4.38081124e+00,   1.23478621e+01,   3.50495928e+00,  -4.51154049e+00, 
             -9.73919641e+00,   4.98643745e+00,  -2.90714870e+00,   2.31067639e+00,  -1.00365241e+01, 
              4.28363439e+00,   5.09891655e+00,  -3.07819649e+00,   6.14192904e+00,   5.80617346e+00, 
             -1.20684526e+01,   1.92995854e-01,  -6.92202586e-01,  -2.95698076e+00,  -2.08556045e-01, 
              2.35089164e+00,  -3.98110029e+00,  -5.76927281e-01,   1.46051065e+00,  -3.24595430e+00, 
             -8.86712509e-01,  -2.46940321e+00,  -1.78375404e-01,   1.77913824e+00,   1.09206682e+00, 
             -6.75476799e-01,   3.11353221e+00,  -6.51511467e-01,  -1.06923849e+00,  -1.17872622e+01, 
             -5.78055873e+00,   1.13538510e+00,  -3.29758508e+00,   1.04464280e+01,   3.16597090e+00, 
              4.52320219e+00,  -1.98496187e+00,   3.95026361e+00,   1.28824027e+00,   4.29159969e+00, 
              3.87610088e-01,   1.44347093e+00,   9.34003699e-01,   3.28534160e-01,  -5.96511701e+00, 
              1.77848384e+00,   2.59588454e-01,  -2.50470023e+00,   1.04349123e+01,   6.37303102e+00, 
             -4.34103860e-01,   3.53947766e-01,  -5.13622715e+00,  -8.61535948e+00,   4.43363887e+00, 
              1.00199183e+00,  -5.66242953e+00,   8.06985221e+00,   2.07607028e+00,   1.14223258e+01, 
              6.95196038e+00,   5.60550348e+00,   9.56682634e+00,  -8.68798186e+00,   1.42380889e+01, 
              5.87835242e-01,  -1.73850359e+00,  -7.74246513e+00,  -7.58719977e+00,  -1.49265290e+01, 
              1.18464265e+01,   3.29125357e+00,   1.35457209e+00,  -2.08200420e-01,  -8.92343780e-01, 
             -3.41080007e-01,   2.99440708e+00,  -7.55614773e-02,   1.33336111e+00,  -6.48827474e-01, 
             -1.87329672e+00,  -5.88482221e+00,   2.44424429e+00,   9.07154602e-01,  -1.18612681e+00, 
             -1.29206281e+00,  -1.60225373e+00,   5.78178724e-01,  -4.55728472e-01,  -1.14664224e+00, 
              8.95703010e+00,  -1.07112363e+01,  -6.13174633e+00,  -1.10932924e+01,  -1.27909814e+00, 
              3.45023173e+00,  -4.70292653e-02,   3.09938374e+00,   7.50531269e-02,  -2.18582948e+00, 
             -3.76151003e+00,  -3.42700677e+00,   1.68237929e+00,   2.26458111e+00,   1.55282374e-01, 
              1.24815484e+00,  -6.80033173e-02,   1.51535181e+01,   1.17137679e+01,  -2.46519875e+00, 
              7.90972213e+00,   1.41492646e+01,   6.54468594e+00,  -4.84757601e+00,  -9.25394995e+00, 
             -9.63713807e+00,   5.37951334e+00,   1.38599793e+01,  -1.97872102e+00,  -2.72596655e-01, 
              8.26838811e-01,   1.14897909e+01,  -8.24504062e-01,  -1.61418134e+01,   2.54154835e+00, 
             -3.44324436e+00,  -1.66213018e+00,   2.64954440e+00,  -3.71184457e+00,  -5.67123317e+00, 
             -8.71206727e+00,  -2.23472207e+00,  -2.76500542e+00,  -6.11210465e-01,   2.02319669e-01, 
              1.07712569e+00,  -3.73839877e+00,   1.10262729e-01,   2.89843223e+00,  -2.12984839e+00, 
              1.06451405e+00,   7.36589246e-01,  -2.92799829e+00,   2.92435796e+00,  -9.41696268e-01, 
              1.12596663e+00,   2.87595362e+00,  -3.05966269e+00,   2.76027270e+00,   3.92128962e-01, 
             -2.76026942e+00,   3.87258690e+00,  -6.70255072e+00,   2.31663176e+00,   4.44964353e-01, 
             -6.13784590e-02,   1.00900442e+00,  -1.41011856e+00,   2.41108441e+00,  -2.30352548e+00, 
              7.30279638e-01,  -2.79313294e+00,  -6.12719235e-01,   1.23189469e+00,  -1.21822439e+00, 
              5.28250061e-01,   9.49195361e-01,   2.85463322e+00,  -1.06146069e+01,   8.48166231e+00, 
             -1.03679094e+01,  -1.10021913e+00,  -1.24667234e+00,   4.88435489e+00,  -7.76800516e+00, 
             -2.70308623e+00,   1.36762708e+01,  -1.35753199e+01,   5.16664297e+00,  -5.07896526e+00, 
              1.96767122e+00,  -1.60581917e+00,  -9.36286080e-01,  -1.60340527e+00,  -1.45447007e+00, 
             -8.25448983e+00,  -1.99708531e+00,  -1.21250578e+01,  -9.98042121e-01,  -7.06796083e+00, 
             -2.92113642e+00,   7.88754467e-02,  -5.16366976e-01,  -5.44023979e-01,  -1.24662354e+00, 
             -3.49862851e+00,  -1.02137746e+00,  -2.00670045e+00,  -5.22049844e-01,  -2.15305816e+00, 
              2.26761333e+00,  -1.35879764e+00,   3.03041987e+00,  -2.95049359e+00,  -2.13063055e+00, 
              1.81863962e+00,  -6.29202543e-01,  -9.59179897e-01,   7.79000538e-01,  -3.37169163e+00, 
              1.03460320e+01,   6.68414727e+00,   3.89485581e-01,   6.22287484e+00,   2.20831051e+00, 
             -1.65010609e+00,  -2.35500982e+00,   7.09611924e-01,   3.21625358e-01,   3.34358262e+00, 
             -1.72060917e+00,  -1.61818183e-01,   5.32315539e-01,  -3.52435676e+00,   2.40130965e+00, 
             -1.01976529e+00,   9.12056327e-01,   1.08860114e+01,   5.33215934e+00,   5.51025962e+00, 
              5.12741271e+00,  -6.44410628e+00,   7.44076584e+00,   4.08552988e+00,   8.93069742e-01, 
              2.59167740e+00,   1.77561147e+01,   4.81691356e-01,  -3.61176945e+00,   9.57208920e+00, 
             -1.00958307e+01,   7.48590280e+00,   1.71116859e+01,  -8.72104875e+00,  -1.23723120e+01, 
             -2.49640807e+00,   2.69314941e+00,  -2.09116964e-01,   5.45841657e+00,   5.71716018e+00, 
              2.20596202e+00,   2.36317884e+00,  -4.47904724e-01,   1.04336270e+00,  -3.43608412e-01, 
             -2.34514550e+00,   3.12113166e+00,  -4.32036444e-01,   6.27097886e-01,   4.66437426e-01, 
              4.89900552e-01,  -3.06219279e-01,  -7.11700480e-01,   3.88065808e-01,   4.72446008e-01, 
             -1.86380979e+00,   4.06192070e-02,  -5.12941608e-01,   4.39055655e-01,  -4.81757280e+00, 
              1.48366605e+00,   2.83506583e+00,   5.54942667e+00,  -7.38867690e+00,   4.12932333e+00, 
             -2.86417216e+00,  -1.78291637e+00,  -3.00020242e+00,  -6.14185069e-02,  -1.09684964e+00, 
              2.35236410e-01,  -2.69287720e+00,   3.73629221e+00,   2.93607269e+00,  -1.22293709e-01, 
              1.92661408e+00,   6.82655861e-01,   6.01222391e+00,  -1.20885191e+01,   1.93036798e+00, 
             -3.18604710e+00,  -4.48454702e+00,   9.02450455e+00,   1.25087479e+01,   7.36407100e+00, 
             -3.94460641e+00,   3.52449775e+00,   2.39963554e+00,   1.25592812e+00,  -3.47780886e+00, 
             -2.96377666e+00,   1.07365278e+01,   1.09059073e+01,   2.47441893e-01,  -3.50900888e+00, 
             -1.20286280e+01,  -1.43275661e+00,   7.05562375e+00,   9.21100531e+00,   2.00175854e+00, 
             -2.01677897e+00,  -5.12117867e+00,   1.59094424e+00,   2.06597735e+00,   1.58265280e+00, 
              1.76929815e+00,  -1.91722163e+00,   3.09356078e+00,  -2.58855817e+00,  -1.81141016e-01, 
              6.62227163e-01,  -7.17414065e-01,  -2.23091688e+00,   1.59059007e+00,  -2.61633763e+00, 
              1.99320074e+00,   2.04672887e-01,   1.45806696e+00,   8.59646111e-01,  -1.23961858e+01, 
             -6.88107534e+00,   8.36077198e-01,  -1.68622412e+00,  -6.41613818e+00,  -1.21664428e+01, 
             -2.00319396e+00,   1.22852562e+00,  -3.88859701e+00,  -9.75522060e-01,  -2.36312208e+00, 
             -2.37626217e+00,   1.03331793e+00,   9.72294032e-01,   1.16161736e+00,   2.08231603e-02, 
             -3.15293219e+00,   1.56271555e+00,   4.57042212e+00,   6.58924022e-01,  -1.68372909e+00, 
             -5.43012710e+00,   4.70619230e-03,   4.66871472e+00,   1.66790581e+01,  -8.61644648e+00, 
             -1.90226071e+00,  -6.26642277e+00,   3.04197768e+00,   2.24144588e+00,   1.73685113e+01, 
             -6.68095897e-01,  -1.38021564e+01,  -5.23785864e+00,  -1.79640412e+00,  -2.68433842e+00, 
             -9.14818482e+00,   5.49885158e-01,  -1.19148935e+01,   8.17884240e+00,  -1.07344114e+01, 
             -1.25228139e+01,   3.59877536e+00,  -2.27629904e-01,  -1.51128284e+00,   1.70226617e+00, 
             -1.25048473e+00,   2.76284970e+00,  -1.50821224e+00,  -7.64431635e-01,   6.89737056e-01, 
              6.45489116e-01,   3.54398180e-01,   1.88525116e+00,  -2.40407186e+00,  -3.14541252e+00, 
             -2.83349870e-01,   9.86056477e-03,   2.80643738e+00,   1.29750839e+00,  -2.10683094e+00, 
             -8.90960394e+00,  -7.40176317e-01,  -8.58465322e+00,  -1.60223688e-01,  -5.53623822e+00, 
              1.21209835e+00,  -1.92918189e+00,   9.79171411e-01,  -3.50710575e+00,  -1.80223959e+00, 
              2.70794083e-01,   4.44686192e-01,   1.06334565e+00,   6.67116894e-01,  -1.63537727e+00, 
              3.61392717e-01,  -1.26642516e+00,  -1.52168140e+01,   4.33959839e+00,  -4.51215891e-01, 
              1.93784176e+00,  -6.39650378e+00,  -4.32122243e+00,  -1.66254440e+01,  -1.00073316e+01, 
             -4.95873828e+00,   7.57121815e+00,  -9.93727379e+00,   5.27694191e+00,  -4.57937701e+00, 
             -3.82886455e+00,  -6.12359099e+00,  -1.21742345e+01,  -2.95624200e-01,  -8.66364789e+00, 
             -2.95328545e+00,  -8.54291376e+00,   4.04633037e-01,  -4.09409428e+00,   5.55768353e+00, 
             -3.76494866e-01,   7.96856375e-01,  -1.59368438e-01,   2.97321040e-01,   9.16533224e-01, 
              1.62091723e+00,   1.99883685e+00,   7.25513935e-01,   6.36440377e-01,   2.61095184e+00, 
              1.73959835e+00,  -1.94466205e+00,   1.84911948e+00,  -2.31884116e+00,   3.58341991e-01, 
              1.90436971e+00,  -8.97465671e-01,   3.12969561e+00,   4.31996407e-01,   3.48315260e+00, 
             -2.00692205e+00,   1.81475708e+00,  -4.71296771e+00,  -5.64456750e-01,   3.85098218e+00, 
              3.05586220e+00,  -8.08515947e-01,   3.43406858e+00,  -1.97432123e+00,  -5.71815987e-02, 
              1.23987988e+00,  -2.07540455e+00,   1.66634702e+00,  -1.21350569e+00,  -1.03456453e+00, 
             -1.76974999e-01,  -1.93266857e+00,   5.46545351e+00,  -5.78530983e+00,   5.73031616e+00, 
              4.88899688e+00,  -5.95581846e-01,  -4.76344892e+00,  -9.00862289e+00,  -7.20157486e+00, 
              9.12338641e+00,  -1.01966801e+01,  -3.29317843e+00,   4.56769776e+00,   6.28919273e+00, 
              6.49364917e+00,  -4.62329295e+00,   1.89295287e+01,  -1.13379535e+01,  -5.91384008e-01, 
             -9.25486584e-01,  -1.31743570e-01,  -3.28742754e+00,  -9.33592128e+00,  -3.97039272e+00, 
              1.69944861e+00,  -1.18885382e+00,   1.43314447e+00,   8.44951073e-01,  -5.40781068e-01, 
             -2.42879379e+00,   1.31205187e+00,   1.12584021e+00,  -1.45098028e+00,   7.57339089e-01, 
              1.80037193e+00,   1.05471720e+00,   1.94950408e+00,  -2.29051327e-01,   5.57581751e-01, 
             -3.75385235e-01,  -2.63256049e+00,   1.27509760e+00,   5.39499676e-01,   9.39789835e+00, 
              6.24608665e+00,   5.41011357e-01,  -1.26794599e+00,  -7.56582675e+00,  -3.92892188e+00, 
              8.80541014e-01,   1.04393625e+00,   6.04825439e-01,  -2.17080385e+00,  -7.50130288e-01, 
              3.92868369e+00,   2.98726228e-01,   5.78367317e-01,  -3.47992263e+00,  -2.80460560e+00, 
             -4.68047736e-01,   1.06608302e+00,  -5.09516181e+00,   2.39339121e+00,  -2.62028518e+00, 
              4.67432409e+00,  -8.90362796e+00,  -4.26024048e+00,  -3.65397344e+00,  -1.50885214e+01, 
              5.21651757e+00,  -1.63648011e+01,   5.48374017e+00,   2.88357653e+00,  -1.29138365e+01, 
              3.55611741e+00,  -1.03639604e+01,   6.64230389e+00,  -1.31952264e+01,   4.02208572e+00, 
              1.82112914e+00,  -9.72162637e-01,   5.48728748e-01,   6.15134539e+00,   9.07094892e+00, 
             -5.34681380e+00,  -9.93647666e-01,  -1.81016454e+00,  -6.71907616e-01,  -1.14173655e-01, 
             -1.61536452e+00,  -2.04457178e+00,  -1.70978175e+00,   2.41857401e+00,  -8.51628065e-01, 
             -5.43729516e+00,  -4.02345384e-01,   1.83205525e+00,   1.95980346e+00,  -7.61412752e-01, 
             -2.25149160e+00,   1.80059627e+00,   1.37681370e+00,   4.74666799e-01,   3.73814450e+00, 
             -2.76330751e+00,   8.75263998e+00,  -7.68175916e+00,   8.79944459e+00,   7.11229854e+00, 
              8.22855220e-02,  -2.96059777e+00,   1.94690520e+00,  -2.35948084e+00,   1.98372949e+00, 
              4.54844633e+00,   4.24908798e-01,   6.63858823e-01,   1.16059373e+00,   8.36058245e-01, 
              2.46238115e+00,   5.95309340e+00,  -1.05508148e+01,  -2.87636423e+00,  -4.08530479e+00, 
              5.37941453e+00,  -1.31739739e+00,   7.69814323e+00,  -9.38490574e+00,   5.10069126e-01, 
             -5.65426735e+00,   2.46744026e+00,   1.64466422e+01,   1.88809055e+00,  -1.55503159e+00, 
             -9.65298198e+00,  -3.04137334e+00,  -1.43025965e+01,   5.63434414e+00,   9.95952661e-02, 
              1.37852137e+01,  -6.21695957e+00,   9.93611558e-02,  -5.96983424e+00,  -6.02845846e+00, 
             -1.37885128e+00,  -1.45352676e+00,   1.92565928e-01,  -2.10395729e+00,   5.45476972e-01, 
              1.13100916e+00,   3.06818899e+00,  -5.36521223e+00,  -3.62375204e+00,   2.51517294e-01, 
              1.70033640e+00,   1.79847305e+00,  -1.70091793e-01,  -3.09636782e+00,  -7.63048705e-01, 
              6.53674246e-01,   9.45176770e-01,   7.33739371e-01,  -6.90457003e-01,  -4.69002930e+00, 
             -4.18315878e+00,  -5.02258874e+00,   3.31489707e+00,  -5.44346887e+00,   3.73045495e+00, 
             -8.77584929e-01,   1.24320389e+00,  -1.93281688e+00,   4.29556174e-01,  -1.73109315e+00, 
              7.06143903e-01,  -9.66004162e-01,   1.99326527e+00,   9.27239689e-01,  -8.92204010e-01, 
              3.16167974e+00,  -2.07973786e+00,   4.36427516e+00,   8.88682106e+00,   9.57195272e+00, 
              1.45014059e+01,   5.10719094e+00,   6.04076778e+00,  -2.00542866e+01,   6.20433274e+00, 
             -1.78476213e-01,   1.22106596e+01,   3.70261986e+00,  -1.14046881e+00,   2.39395751e+00, 
             -1.20953746e+01,  -7.28905068e-01,  -1.17594525e+01,   8.33098455e+00,  -3.67698215e+00, 
              9.71628018e+00,   3.23992543e+00,   6.19980358e+00,   8.95151413e+00,  -5.16404482e-01, 
              7.08414732e+00,  -2.49599161e+00,   2.55113735e-02,   2.03970848e+00,   2.32024182e-01, 
             -1.87852385e+00,   8.26405722e-01,   2.76640182e+00,   1.45787815e+00,   1.65963199e+00, 
              4.03809127e-01,   3.03484200e-01,  -1.69130450e+00,  -8.86428589e-01,  -1.78703489e+00, 
             -1.58859563e-01,  -8.59295325e-02,   1.50423378e+00,   1.02137240e+00,   1.30826200e+00, 
             -7.70477681e-01,   1.24502390e+01,  -7.28243320e+00,  -8.36862225e+00,   5.80610942e+00, 
             -1.47033483e+00,  -2.84100952e-01,  -1.95459425e-01,  -1.54253671e+00,   5.75756201e+00, 
             -2.35789634e-01,   9.62715446e-01,  -1.02338285e+00,  -1.72363203e-01,  -4.14410701e-01, 
             -1.06443492e+00,  -2.02899469e+00,   7.06807384e+00,   6.47858249e+00,  -7.22609263e+00, 
             -1.43202612e+00,   2.63116818e+00,   6.19741198e+00,   9.96248549e+00,  -3.62971884e+00, 
              1.56940218e+00,  -9.71057273e+00,   8.14746441e+00,   8.01221660e+00,   1.09210686e+01, 
              9.02542004e+00,   1.60319843e+01,   6.33404530e+00,  -2.61199245e+00,   9.73964958e+00, 
             -1.83460180e+00,   2.53561631e+00,   3.24145914e+00,   2.99304481e+00,   1.00931703e+01, 
              1.61384588e+00,  -3.00665593e+00,  -3.53173718e+00,   9.90955574e-01,   1.24515872e+00, 
             -2.13862262e+00,   1.24606929e+00,   5.66016137e-01,   5.65596688e-01,   3.80290143e+00, 
              3.61973055e-01,   1.98515876e+00,   1.49814075e+00,   2.75293047e+00,  -4.00860888e-01, 
             -3.52654836e+00,  -1.22106386e+00,   1.65559305e-02,  -1.40188954e+00,  -4.42794538e+00, 
             -7.53847844e+00,   7.81977696e-01,  -8.50846710e+00,   2.76687467e+00,   7.31402912e+00, 
             -3.18544527e+00,   1.79038104e+00,   3.90081614e+00,   2.98550254e+00,   3.28571838e+00, 
             -4.73601017e+00,  -3.18263786e-01,  -1.44508135e-01,   2.51659534e+00,   3.38584252e-01, 
             -8.55964442e-01,  -1.68793931e+00,  -9.18956629e-02,  -5.84657557e+00,   7.03894643e+00, 
              8.38088359e+00,   1.31006806e+01,   6.68492354e+00,  -3.87554538e+00,  -5.53599502e+00, 
             -1.05779117e+01,  -3.75111387e+00,  -4.30221017e+00,  -6.75190969e+00,  -4.28308077e+00, 
              6.67278202e-01,   6.41102479e+00,   2.06000044e+01,  -4.90728804e+00,   5.13309409e+00, 
              2.28242291e+00,   4.24008016e+00,   2.43111774e+00,  -9.72768055e-01,   7.92179442e+00, 
              7.88517193e+00,   3.30324585e-01,  -3.96312947e+00,  -1.27187694e+00,  -6.08501236e-01, 
             -7.49726498e-01,  -2.47569861e+00,  -1.90967673e+00,   1.93498772e+00,   4.71465251e+00, 
              1.42629502e+00,  -9.75280746e-01,   4.03746974e-01,  -1.96911896e+00,  -5.61119881e-01, 
              4.79425263e-01,  -1.36514987e+00,  -3.46472873e+00,  -8.91066940e-01,   1.16738042e+01, 
             -4.11829530e+00,  -1.26767046e+00,  -1.58528017e+01,  -5.71034652e-01,  -5.61784640e+00, 
             -3.35156614e-02,  -1.27818053e+00,  -6.56799151e-01,  -1.30581734e-01,  -1.91543331e-01, 
              2.56874839e+00,   1.77856036e+00,  -1.64138064e-01,  -1.70728850e+00,  -1.34160311e-01, 
             -1.71562001e+00,  -2.61172508e+00,  -7.20998339e-01,  -1.24715963e+01,   8.26057086e+00, 
              7.66135536e+00,  -7.49989559e+00,   3.85030983e+00,   1.06546759e+01,   6.66021679e+00, 
             -4.90947573e+00,  -6.65180372e+00,  -1.49095718e+01,  -4.16191981e+00,  -6.74972527e+00, 
              8.60424308e+00,  -2.68285233e+00,  -5.79184340e+00,   4.40193960e+00,  -8.48588435e+00, 
             -1.16335776e+01,   1.15595520e+01,   3.01506718e+00,  -1.99661885e+00,  -9.26828752e+00, 
             -1.45612114e+01,  -1.12570498e-01,  -1.44973634e+00,  -1.89208272e+00,   2.01517323e+00, 
             -1.47664596e+00,  -1.62454213e+00,   1.00362804e+00,   1.21295842e+00,  -1.05873307e+00, 
              9.77102128e-01,   1.62470383e+00,  -1.09830889e+00,   1.21477381e-01,  -3.76323653e+00, 
             -2.47418953e+00,   2.66806294e+00,  -2.20511239e-01,  -1.51678132e-01,   4.24868395e+00, 
             -1.89980569e+00,   5.51794696e+00,   4.44106058e-01,   1.53038189e+01,   6.86222805e+00, 
             -1.14005179e+00,   3.43538005e+00,  -9.18528639e-01,  -9.43930242e-01,   1.25677623e+00, 
              1.89451799e+00,   8.23479628e-01,  -5.30688065e-01,  -6.82925142e-01,  -1.00208769e+00, 
             -4.84029516e-01,  -3.84361039e+00,   7.05136350e+00,  -3.25854509e+00,  -9.21855198e+00, 
             -4.54007559e+00,  -1.73597512e+00,  -1.15686487e+01,   3.83261800e+00,  -1.37812762e+00, 
              2.09175412e+00,  -2.57428338e+00,  -2.37110324e+00,   8.58331958e+00,  -5.38891629e+00, 
              8.51957403e+00,  -1.16178466e+01,  -9.64213028e+00,   1.02957344e+00,  -1.73899420e+01, 
             -6.06494597e-01,  -1.68686917e+01,   6.10568349e+00,   7.35451239e-01,   6.00403023e-01, 
              1.64696660e+01,  -4.25035853e-01,   1.52676507e+00,  -6.41387727e-01,  -2.05007709e-01, 
             -2.49563845e+00,   1.47232756e+00,  -1.03421302e+00,  -4.26703613e+00,   1.22224826e+00, 
             -2.41446297e+00,  -4.51654142e-01,   2.60804826e-01,  -1.09824831e+00,   2.96736769e-01, 
              4.47934269e+00,  -6.87900745e-01,   1.16415750e+00,   1.18170178e+00,  -5.67324150e+00, 
              1.34673065e-01,   6.99092067e+00,   1.68900625e+00,  -1.35735336e+00,  -1.95685804e+00, 
              2.16110324e-01,  -1.94578999e-01,   2.70094082e+00,   5.46156999e+00,   1.26422121e+00, 
              3.13118214e+00,  -1.35364054e+00,   1.00955102e+00,   1.34193400e+00,   2.72712262e+00, 
              5.49243565e-01,   5.13003200e-01,  -4.14230071e+00,  -1.00266461e+01,  -1.59833836e+00, 
             -8.01074646e+00,   3.34487612e-01,   9.92594859e+00,  -1.06847391e+01,  -4.25757087e+00, 
              3.20180424e+00,   2.02234532e+01,   9.90168459e+00,   1.36389670e+01,  -1.64000607e-01, 
              1.26925694e+00,  -1.26372771e+01,  -4.55803505e+00,  -1.00673415e+01,  -1.28893563e+01, 
              1.08012651e+01,   1.14495008e+01,   1.01492535e+00,   4.82095015e+00,  -8.14838949e+00, 
              6.00717769e+00,  -6.49533012e-02,  -2.14041199e-01,   2.70077124e+00,  -9.07449872e-01, 
             -2.47022789e+00,  -3.20631701e+00,  -4.69548632e-01,   3.15531862e+00,   2.29791358e+00, 
             -9.18272706e-01,  -1.41454915e-01,  -3.24685663e+00,   1.66290832e+00,   1.35889503e+00, 
             -2.49901892e+00,   2.75071668e+00,   2.15110301e+00,  -4.08851518e+00,   3.42206792e+00, 
             -1.42699428e+00,   7.98274621e+00,   5.05201714e+00,   1.92383243e+00,   2.90171070e+00, 
              1.91147702e+00,  -4.13912152e-01,   1.99538096e+00,   1.58707420e+00,  -1.72833225e+00, 
              6.03947001e-01,  -1.88444862e+00,  -1.08192400e+00,  -2.11860952e-01,  -1.50940383e+00, 
              2.95490941e+00,   2.20311027e+00,   1.25735505e+01,  -2.77051435e-02,   1.24444501e+01, 
             -3.06529410e+00,  -9.91132704e+00,  -8.44288744e+00,   9.33020216e+00,   3.66474819e+00, 
              3.36548490e+00,  -1.81713463e+00,  -1.15175015e+01,   3.36058176e+00,   1.49559921e+00, 
              2.22801406e+00,   8.49378026e+00,  -1.99706827e+01,  -2.52525112e-01,  -4.91857620e+00, 
             -5.56804427e+00,   1.01808683e+01,   9.85413534e+00,   5.00107482e+00,   6.32642640e-01, 
             -5.69369464e-01,  -2.69408774e+00,   1.50943823e+00,  -3.61969788e-01,   1.46379750e+00, 
              1.01033411e+00,   2.38376147e-01,   5.14441084e-01,   3.59553641e+00,  -2.72753839e-01, 
             -7.02518968e-01,   1.33859190e+00,   7.87538810e-01,  -9.87386966e-01,  -1.58077026e+00, 
             -4.46562123e-01,  -1.18163213e+00,  -2.08396433e+00,   7.87259069e-01,  -1.10910100e+01, 
              7.05682694e+00,   8.32791134e+00,  -5.92246012e+00,   5.94919302e+00,  -3.74987820e+00, 
             -7.72753136e-01,  -3.58312302e+00,  -2.51268083e+00,   1.47852545e+00,   3.67406325e+00, 
              5.68857333e-01,   2.46074791e+00,  -5.78755673e-01,   5.34914286e-01,  -1.28481420e+00, 
             -4.28660503e-02,  -6.25786114e-02,   5.95500024e+00,  -6.29546982e+00,   9.89580792e+00, 
              1.17503150e+00,   1.34535762e+01,   6.48187119e+00,  -4.77129682e+00,  -1.31217295e+01, 
              1.39481745e+01,   5.35474424e-01,   1.80363589e+01,  -3.71073630e+00,  -1.49554764e+00, 
             -1.00899982e+01,   1.14406368e+01,   6.82522829e-03,   3.23954889e+00,  -4.17465852e+00, 
             -7.77502218e+00,   5.81000760e+00,  -5.28131250e+00,  -1.80251735e+00,   9.36280236e+00, 
              9.86376388e-02,   1.22446512e+00,  -1.57216181e+00,   2.38178055e+00,  -2.97936326e+00, 
             -3.49096985e-01,   2.88019154e+00,   1.53739773e+00,   1.12550102e-01,  -2.28178838e+00, 
              3.07051888e-01,  -1.47520741e+00,  -3.79432889e-02,   1.49181850e+00,   4.92173978e-01, 
              1.28864123e+00,  -1.43884852e+00,   1.49642248e+00,   1.70577479e+00,  -7.71728172e+00, 
              6.00440377e+00,  -1.60818379e+00,  -9.55392311e+00,  -4.07883092e+00,   6.20335324e+00, 
             -2.51395639e+00,   1.15423567e+00,  -2.58162735e+00,   5.64990247e-01,  -3.00868666e+00, 
             -3.05593446e+00,  -1.19986550e+00,  -1.91166805e+00,   2.02840897e+00,  -4.73371605e-01, 
             -2.50652479e+00,   1.24978030e+00,   7.30971788e+00,   4.23429317e+00,   2.32156229e+00, 
             -2.16236881e+00,   9.53948960e+00,   2.24200221e+00,  -1.62312717e+00,  -3.98006876e+00, 
             -9.80396574e+00,  -2.32083277e+00,   2.62671954e+00,  -1.62822824e+00,  -5.92225968e+00, 
              6.92590842e+00,   4.29627733e+00,   5.40026668e+00,   9.08103262e+00,  -5.05262134e+00, 
              1.18365317e+01,   1.01391370e+01,  -4.66055322e+00,  -5.24464504e+00,  -6.31911211e-01, 
             -5.69583998e+00,   2.83779919e+00,  -2.64756597e+00,  -1.56873013e-01,   2.08946831e+00, 
             -1.14580244e+00,  -1.55808387e+00,   1.05173110e+00,  -1.23250345e+00,   2.42128777e+00, 
             -1.73304520e-01,   2.24929446e+00,  -4.45624218e-02,  -2.98454666e+00,  -7.82436189e-01, 
             -2.78962207e+00,   3.10652605e+00,  -4.03270144e+00,   7.92654341e-01,   1.11452074e+00, 
              5.48986118e+00,  -1.01401390e+01,  -5.24768828e+00,   1.25587326e+01,  -2.53012611e+00, 
              1.86186318e-01,   2.88986533e-01,  -3.94089637e-01,  -1.86599000e+00,  -1.58414765e+00, 
             -1.59260095e+00,  -1.30943099e+00,   2.31737767e+00,  -2.12377519e+00,   1.23867355e+00, 
              1.58763926e+00,  -2.04488262e-01,  -7.37370610e+00,   8.56196521e-01,  -8.34070165e+00, 
             -5.02632988e+00,  -2.98806542e+00,  -8.98797993e-01,   3.59505057e+00,  -4.43302093e+00, 
              2.93918028e+00,  -9.41875000e-01,  -5.12053083e+00,   2.26074952e+00,   1.07217098e+01, 
             -3.31607351e+00,  -9.12989670e-01,  -2.13170641e+00,   4.22681052e+00,  -6.42529588e+00 ]
         </p>
         <m shape='(20)'>
          [   2.55327253e+04,   2.55327253e+04,   1.83736223e+03,   1.83736223e+03,   1.83736223e+03, 
              1.83736223e+03,   1.83736223e+03,   1.83736223e+03,   2.18941669e+04,   2.18941669e+04, 
              1.83736223e+03,   1.83736223e+03,   1.83736223e+03,   1.83736223e+03,   2.18941669e+04, 
              2.18941669e+04,   2.91651223e+04,   2.91651223e+04,   2.91651223e+04,   2.91651223e+04 ]
         </m>
         <names shape='(20)'>
          [ N, N, H, H, H, 
            H, H, H, C, C, 
            H, H, H, H, C, 
            C, O, O, O, O ]
         </names>
      </beads>
      <cell shape='(3, 3)'>
       [   1.00363353e+01,   7.46807513e-16,  -4.18009184e+00,   0.00000000e+00,   1.21962922e+01, 
           9.14822931e-16,   0.00000000e+00,   0.00000000e+00,   9.91496813e+00 ]
      </cell>
   </system>
</simulation>
