<simulation verbosity='high'>
   <prng>
      <seed>4441</seed>
      <state shape='(624)'>
       [ 321476842, 772459289, 2402380747, 64808985, 1597689519, 
         2992636001, 990115960, 266973633, 4188586099, 1644629727, 
         302487888, 2069951835, 3796426415, 4068305986, 987930181, 
         1559209966, 1380835172, 2096772269, 2181454824, 2943926560, 
         44216728, 745320606, 285570994, 3007693674, 431717810, 
         1973247508, 1926182943, 310371285, 3534767634, 2182138489, 
         2276055821, 1370477705, 2179394386, 1682732587, 1161290861, 
         1311250012, 4266606874, 1113653573, 3588784741, 1388968394, 
         1251639734, 3745965252, 981848988, 3610172519, 857017830, 
         2596026935, 143128531, 2256506878, 554116706, 4153400907, 
         247895692, 623592233, 2418132323, 2890109702, 663274640, 
         2167361704, 752611111, 796723127, 3824581401, 2512122208, 
         1187166762, 3674417143, 3806027121, 2151748575, 1956105919, 
         475041070, 1902110024, 930265220, 3461486215, 4254903969, 
         2204908842, 1196393564, 3420647139, 667309772, 3448526879, 
         3660058274, 2513497281, 1410127546, 36337155, 3871222990, 
         2693291685, 3434736812, 1760602369, 1568300157, 1337449339, 
         3194266223, 2939089215, 2651843389, 626111904, 352789714, 
         3727480690, 1473218933, 3992585657, 2157410798, 921411390, 
         308362615, 3740141896, 1358084186, 2746053647, 1543543321, 
         779193251, 53538273, 3034092734, 834441116, 3276844874, 
         355328499, 13058261, 1011588100, 3078352293, 4015524201, 
         3772756843, 1553013230, 1117547110, 488142138, 3534097449, 
         2303294984, 121238656, 1201655436, 2090576986, 2353091003, 
         155716368, 4141558350, 4088570334, 2691280944, 2240461620, 
         857519315, 1518299574, 2526936605, 56712846, 569149304, 
         2671015063, 527757048, 4143075021, 35849212, 3156537371, 
         1125716796, 2404246467, 377527369, 2552738372, 1317659639, 
         2342522170, 3002323959, 3037489344, 1993712007, 3394915621, 
         1693642745, 420627559, 1429356743, 1761355309, 797815637, 
         1741198626, 1093451715, 1169500334, 1001725347, 3482214308, 
         2580408723, 4010051528, 1736212342, 1989440514, 1229978268, 
         6027988, 204444346, 887974696, 3411307717, 2131854083, 
         2688146458, 1776809395, 1625782375, 1814480093, 1739040854, 
         1714891243, 3688822581, 1853289190, 2258691527, 2742320505, 
         3492801158, 2105495298, 3743500865, 2127336768, 3230803807, 
         2752398916, 3088793732, 1129865044, 1985589435, 735963865, 
         2120463113, 4038027193, 728649668, 3932484603, 1743950661, 
         1469266107, 2193483536, 864467070, 2197907488, 2493228033, 
         1621267217, 3397351805, 959323684, 3889027473, 2775821223, 
         3787465682, 901235051, 1396618056, 3851067863, 1575862137, 
         2507675409, 1012657520, 1930497903, 1459071297, 3227701787, 
         3835137884, 774661537, 458237157, 3679737639, 1596502389, 
         2829783040, 1888516066, 3117169016, 4212232279, 2033802979, 
         4145489470, 632125596, 3671611050, 3272896007, 534198173, 
         1354977962, 385248682, 2520099858, 706025020, 2051993239, 
         1723947489, 3480123821, 3424551954, 2491020133, 3370952312, 
         2552032884, 3090826172, 794931391, 3556963822, 816907716, 
         952224370, 1987738384, 1393354669, 1855848044, 1070150679, 
         1821535896, 1539430286, 1061068858, 2386389385, 3968901839, 
         1037961726, 3392385794, 75808273, 3905058149, 1511201802, 
         3390927539, 1476730711, 2881591682, 183930227, 4147500400, 
         1139631545, 2571610439, 3085015737, 2976942029, 3264046320, 
         3152715832, 2867787560, 1575447811, 3416608667, 284859718, 
         489249297, 2228038768, 2103062549, 2469086115, 374536992, 
         1588866921, 514512511, 4054282965, 546412430, 3448937864, 
         77302280, 3293046256, 2255232237, 722911229, 926181027, 
         1929744873, 2501299695, 537421671, 2217443148, 2964662992, 
         1071445867, 1941211558, 4030474971, 2129754194, 2510997432, 
         714267345, 490419278, 2845605369, 1088751145, 1925051294, 
         2359697212, 1794046592, 12641606, 1895598337, 522193315, 
         2541610352, 3533727757, 3416453005, 313771285, 1703945659, 
         1104186964, 1738196293, 528818754, 1751034097, 559970435, 
         4154029014, 1576120768, 1860041103, 4151736710, 1566817089, 
         2818447960, 4215045264, 1288960068, 2342531107, 1912448811, 
         3775851989, 3667900342, 2295709689, 2019528187, 1418319561, 
         723406327, 1675564903, 3224295694, 3875012909, 906085398, 
         2215614414, 3180046795, 2533825227, 3502696559, 3196372134, 
         1190011088, 195843020, 1313479495, 403615493, 268631881, 
         4047528879, 3442905053, 909349360, 2621878429, 678211402, 
         1296861256, 222240079, 2652825515, 3623136522, 659870352, 
         1125497772, 1708647698, 122891683, 1262862434, 2780413865, 
         1087266733, 1770952107, 3811399748, 454033769, 1698853969, 
         3457971993, 1314942720, 366200209, 2223374996, 1544757394, 
         3111450566, 1272942119, 2525867797, 1369006366, 451918772, 
         112905080, 1005633158, 1444659697, 3642185042, 1266609816, 
         3790042581, 397413651, 1087754075, 1682280576, 4046669312, 
         3851264757, 1988512743, 1966976835, 3569550049, 710886563, 
         533599520, 1453221128, 4055024109, 2802584416, 3538409384, 
         1728842931, 1463189665, 3401536033, 1309171713, 1400557922, 
         3497866511, 207378547, 923281444, 37905672, 2830004028, 
         786414243, 3619382920, 1373790022, 3184732827, 2996786152, 
         761116642, 318501106, 3869808351, 1574776998, 1874763377, 
         2738331347, 2660748460, 1592070633, 2620817945, 3611110462, 
         2060979778, 2561655932, 1897164126, 3732805629, 2270001645, 
         2341136817, 2800215923, 1185584301, 3890353415, 3541782794, 
         1071168707, 651844733, 321305554, 2625392212, 1539591148, 
         3356059589, 522829467, 1636304607, 2259789726, 1171547672, 
         2623922557, 863305037, 1555476101, 3780532635, 2010546796, 
         272819951, 1349890147, 635121771, 883847735, 526717862, 
         194147935, 2054814842, 3627744927, 3676454686, 1803790624, 
         1861390785, 3544659936, 961653697, 1028362845, 704385878, 
         2060969315, 1008793893, 450422788, 1205876046, 2380718305, 
         2225868175, 1796373950, 3952227285, 1546617495, 4044358353, 
         2639492509, 2069517185, 1996171010, 2256421481, 3676890803, 
         940670301, 3416663084, 2337656722, 2677157776, 714055574, 
         2041504998, 3585480794, 3179813931, 1600702461, 2307890806, 
         3646328652, 2508172236, 3317481952, 4237520190, 1833894087, 
         298705303, 1327095331, 708700752, 3634327110, 3167061808, 
         2185825225, 2160384561, 1866719406, 3850347526, 1989728048, 
         1963335812, 1242121034, 2020209346, 2062315663, 1213074683, 
         916853457, 605769220, 2578337524, 2826066161, 3288623317, 
         2874639322, 373995441, 1821211169, 3044341530, 3295552766, 
         1619226815, 57255755, 251131666, 1325971738, 4003035807, 
         4100642250, 2610178580, 1988646235, 3036638347, 3406541298, 
         3006212471, 2285384190, 972743156, 776194525, 3484612704, 
         1143354007, 3914685465, 789630354, 2091370350, 4051636361, 
         3306843463, 3037885731, 786485239, 920079452, 787922398, 
         2475826982, 2998615683, 462383270, 2554191543, 868743453, 
         3017327221, 2205570034, 112404932, 768355748, 188654113, 
         2896470495, 1774852015, 4277400619, 3026211134, 3453242792, 
         3573488221, 829913487, 141928317, 1076229221, 653776872, 
         3808260594, 51870586, 1969621931, 542305917, 4044441550, 
         1277594955, 432853732, 3668003049, 3373829741, 4214884624, 
         3661826251, 1734714554, 3666445904, 1774607287, 1082127382, 
         93050980, 4273918597, 598347199, 974992253, 3115412949, 
         2507547560, 2403131956, 3218171248, 3782531624, 1814855652, 
         613822200, 3393629936, 1221222134, 3327418240, 2845296868, 
         3218973314, 299080797, 4200395439, 2171897950, 699685767, 
         1461676752, 977747370, 3440901026, 3915753613, 1451121631, 
         2084898664, 2843385048, 1550479496, 4199123568, 3161791761, 
         4241854988, 643149652, 477122413, 1021697149, 3112040731, 
         4015462604, 1668404285, 1302406003, 3235568219, 1620112343, 
         806427225, 3134508726, 1908018609, 3577768139, 2309841798, 
         3338850438, 1448976717, 3486297601, 513944788 ]
      </state>
      <set_pos>456</set_pos>
   </prng>
   <output prefix='simulation'>
      <properties shape='(6)' stride='10'>
       [ step, time{picosecond}, potential{electronvolt}, conserved, temperature{kelvin}, 
         ensemble_temperature{kelvin} ]
      </properties>
      <trajectory filename='pos' stride='10'>positions</trajectory>
      <trajectory filename='frc' stride='10'>forces</trajectory>
      <checkpoint stride='1000'>81</checkpoint>
   </output>
   <step>80000</step>
   <total_steps>80000</total_steps>
   <total_time>  2.50000000e+05</total_time>
   <ffsocket mode='unix' name='driver-dftb'>
      <address>dftb-nvt-gg</address>
   </ffsocket>
   <ffsocket mode='unix' name='driver-gap'>
      <address>gapd-nvt-gg</address>
   </ffsocket>
   <system>
      <forces>
         <force forcefield='driver-dftb'>
         </force>
         <force forcefield='driver-gap'>
         </force>
      </forces>
      <ensemble>
         <temperature>  9.50044560e-04</temperature>
         <eens>  1.13779654e+00</eens>
         <hamiltonian_weights shape='(2)'> [   1.00000000e+00,   1.00000000e+00 ] </hamiltonian_weights>
         <time>  1.65365492e+06</time>
      </ensemble>
      <motion mode='dynamics'>
         <dynamics mode='nvt'>
            <thermostat mode='langevin'>
               <ethermo> -1.15553394e+00</ethermo>
               <tau>  4.13413730e+03</tau>
            </thermostat>
            <timestep>  2.06706865e+01</timestep>
            <nmts shape='(1)'> [ 1 ] </nmts>
         </dynamics>
      </motion>
      <beads natoms='30' nbeads='1'>
         <q shape='(1, 90)'>
          [   9.68360000e+00,   4.82520261e+00,   8.76742415e-01,   4.01963713e+00,   6.08656203e+00, 
              4.01232056e+00,  -5.12640564e-01,   1.11342864e+01,   7.63101871e+00,   1.32988713e+01, 
              3.02073580e+00,   9.91544214e+00,   4.04441646e+00,   1.01844911e+01,   2.57288294e+00, 
              2.27168152e+00,  -1.11351549e+00,   6.04801699e+00,   1.11104367e+01,   3.99773986e+00, 
              9.46530133e+00,   4.17019533e+00,   7.80162056e+00,   2.25835624e+00,   4.49395670e+00, 
             -2.94333785e-01,   5.80613809e+00,  -3.16800127e+00,   4.20499763e+00,   6.90364772e+00, 
              4.32783506e+00,   6.61093305e+00,   9.96374294e+00,  -1.19310804e+00,   1.18601755e+01, 
              3.21139419e+00,   1.17297889e+01,   3.57668705e+00,   4.88057854e+00,   4.11393129e+00, 
              8.47658587e+00,   8.03609047e+00,   3.75801563e+00,  -9.11651815e-01,   1.44992739e+00, 
             -3.88757612e+00,   6.15966688e+00,   6.55499567e+00,   2.61187224e+00,   5.42642836e+00, 
              9.89392070e+00,   8.56916528e-01,   1.14273013e+01,   2.74429534e+00,   8.17655946e+00, 
              3.05259868e+00,   6.82293724e+00,   6.02955085e+00,   5.54450214e+00,   9.65549512e+00, 
              4.92469624e+00,   2.55381978e+00,   3.06771820e+00,   1.31346107e+01,   4.90177341e+00, 
              4.96863591e+00,   3.99631363e+00,   7.41684157e+00,   6.13903610e+00,   4.38390764e+00, 
             -6.70392419e-01,   9.82573930e+00,  -6.46545425e-01,   1.69334914e+00,   4.91994233e+00, 
              2.61508518e+00,   9.65402480e+00,   8.34278145e+00,  -2.73267451e+00,   8.54661768e+00, 
              1.83112172e+00,   1.06803477e+01,   3.98032124e+00,   2.96245395e+00,   5.73354486e+00, 
              9.62335687e+00,   7.94759893e+00,   1.92728884e+00,  -2.81140735e-01,   1.40781376e+00 ]
         </q>
         <p shape='(1, 90)'>
          [  -1.78161663e+00,   5.10389186e+00,  -1.19565999e+00,  -2.83151909e+00,  -5.22177897e+00, 
              2.44119136e+00,   4.64602083e+00,  -3.03794447e+00,   3.60889487e+00,   5.07301832e+00, 
              1.59231360e+00,   1.92878695e+00,  -4.76586656e+00,   7.05845681e-01,  -3.27297441e+00, 
              1.71400484e+00,   4.25030846e+00,   2.13489939e+00,  -2.25886684e-01,   6.62042719e+00, 
             -3.50753619e+00,  -4.05499087e+00,  -2.84393345e-01,  -1.73554362e-01,  -1.98798875e+00, 
             -4.37532653e+00,  -3.19826659e+00,   2.74348897e+00,   3.96950962e+00,   4.36098222e+00, 
              6.78568565e-01,  -2.87221455e+00,   3.51289017e+00,   5.09581572e+00,  -4.13184614e-01, 
             -4.78928160e+00,  -9.95590905e+00,  -1.70588202e+00,  -4.60354774e+00,   3.05630754e-01, 
             -4.41608915e+00,  -3.06496528e+00,   1.53952487e+00,  -2.19648094e+00,   3.98567743e+00, 
             -1.55547331e+00,   2.28459760e+00,  -7.64706700e-01,   6.96309467e-01,  -1.39702531e+00, 
              5.34820181e-01,  -7.02753378e-02,  -1.33609721e+00,   1.08069111e+00,  -1.26074861e+00, 
             -8.26520107e-01,  -5.69028726e-01,  -1.49380598e+00,  -8.76048995e-01,  -4.26757014e-01, 
              1.16180850e+00,   3.03633688e-01,   2.82907239e+00,  -7.25633253e-01,   4.59863691e-01, 
             -3.47864586e-01,  -4.26081946e-01,   1.25815174e-01,  -6.85673770e-01,   1.97161855e+00, 
              5.22099287e-01,   8.43412431e-01,  -3.26931548e-01,  -1.66709521e-01,  -1.34616498e+00, 
              1.21884398e+00,   7.58541319e-01,  -1.88595492e-01,   2.21273185e+00,   6.89655360e-01, 
              1.96037256e+00,  -1.75215612e-01,   8.97958013e-01,   1.06678413e+00,   8.54830496e-01, 
              5.94013908e-02,  -2.48218880e+00,   1.72572752e+00,   7.81833797e-01,   3.28291050e-01 ]
         </p>
         <m shape='(30)'>
          [   2.91651223e+04,   2.91651223e+04,   2.91651223e+04,   2.91651223e+04,   2.91651223e+04, 
              2.91651223e+04,   2.18941669e+04,   2.18941669e+04,   2.18941669e+04,   2.18941669e+04, 
              2.18941669e+04,   2.18941669e+04,   2.55327253e+04,   2.55327253e+04,   2.55327253e+04, 
              1.83736223e+03,   1.83736223e+03,   1.83736223e+03,   1.83736223e+03,   1.83736223e+03, 
              1.83736223e+03,   1.83736223e+03,   1.83736223e+03,   1.83736223e+03,   1.83736223e+03, 
              1.83736223e+03,   1.83736223e+03,   1.83736223e+03,   1.83736223e+03,   1.83736223e+03 ]
         </m>
         <names shape='(30)'>
          [ O, O, O, O, O, 
            O, C, C, C, C, 
            C, C, N, N, N, 
            H, H, H, H, H, 
            H, H, H, H, H, 
            H, H, H, H, H ]
         </names>
      </beads>
      <cell shape='(3, 3)'>
       [   1.31018490e+01,  -6.55092450e+00,   6.31234017e-16,   0.00000000e+00,   1.13465341e+01, 
           1.09332939e-15,   0.00000000e+00,   0.00000000e+00,   1.03088338e+01 ]
      </cell>
   </system>
</simulation>
