################################################################################
# Symmetry function scaling data.
################################################################################
# Col  Name     Description
################################################################################
# 1    e_index  Element index.
# 2    sf_index Symmetry function index.
# 3    sf_min   Symmetry function minimum.
# 4    sf_max   Symmetry function maximum.
# 5    sf_mean  Symmetry function mean.
# 6    sf_sigma Symmetry function sigma.
#########################################################################################################################
#        1          2                        3                        4                        5                        6
#  e_index   sf_index                   sf_min                   sf_max                  sf_mean                 sf_sigma
#########################################################################################################################
         1          1   2.6893645350609899E-03   4.0664021446647713E-01   9.0840760649196675E-02   3.2072009112832915E-02
         1          2   1.9177425916174573E-08   1.7591050002872227E-01   6.4170057027354644E-03   1.6041582560697681E-02
         1          3   2.9589486239571744E-06   3.4342951261379612E-01   9.0614229455490136E-02   2.9940147239396680E-02
         1          4   4.4968080263747796E-04   5.4945205572573041E-01   1.7764928091066348E-01   6.3611241265956117E-02
         1          5   7.2042661175058246E-07   1.5689587500236840E-01   3.4182555430613023E-03   3.1242709345233486E-03
         1          6   4.6911477641531473E-10   1.0770831997000936E-01   1.5509190689113319E-02   2.0183745624433216E-02
         1          7   5.9335597216067355E-15   1.2482584838066701E-01   2.6819385159545062E-02   2.4948651748286362E-02
         1          8   1.1729502024375043E-02   2.9273803866714659E-01   1.2546213680426194E-01   2.8193386638918936E-02
         1          9   2.1689262690051817E-03   1.6768099636163938E-01   5.5729353736487845E-02   2.0450230341021742E-02
         1         10   3.8665534962649606E-06   8.9804555571901562E-02   2.0887013901012347E-02   1.1866815512785381E-02
         1         11   4.0384556096441527E-03   1.4680705353775553E-01   6.9869426866295783E-02   1.8602494435140771E-02
         1         12   1.4632973062391422E-01   1.5489095218501721E+00   6.7102472859173967E-01   1.5203544204480446E-01
         1         13   2.6638491143963973E-02   4.1830584222120210E-01   1.8662924766799929E-01   3.7669811133836294E-02
         1         14   9.4129057049761704E-03   2.1941889304644585E-01   9.4012870046851840E-02   2.4491314954600715E-02
         1         15   5.0988414060761600E-02   3.8260487693404005E-01   1.7477186551910798E-01   3.2866981011784605E-02
         1         16   1.7731295813235792E-01   1.8543004780701664E+00   8.1296430552674204E-01   1.6420325323565388E-01
         1         17   1.7781306597103651E-02   8.2054886039785402E-01   3.6390766836398264E-01   9.3192111747991455E-02
         1         18   1.5130298579536369E-01   2.1609011977472052E+00   9.0751827189825673E-01   1.9681849105242633E-01
         1         19   1.5149974333990195E-02   1.2317857815607025E+00   4.3901654353640684E-01   1.2457956444406931E-01
         1         20   8.0158555756919389E-04   3.8605857119530795E-01   1.5948155528789207E-01   8.9708723907607521E-02
         1         21   7.6519171890859911E-02   4.4884334128075171E-01   2.2614841914839848E-01   3.3913215262202340E-02
         1         22   6.8082906507439377E-04   3.8831766458865363E-01   9.3362929985892115E-02   8.0014466670230933E-02
         1         23   1.2525884620075692E-01   8.6185920271640859E-01   4.4554500850709045E-01   7.8645775839317963E-02
         1         24   2.3352591975503079E-01   1.6213304771742414E+00   7.7158908165536100E-01   1.4258867492845664E-01
         1         25   8.1661339795578818E-03   1.1834576904503304E+00   3.7914801596458841E-01   1.2060784241502699E-01
         1         26   9.5287663788736154E-02   2.0272642570333028E+00   9.6275286751752920E-01   1.6092226859193243E-01
         1         27   8.6682341044810892E-07   4.4085170814031585E-02   1.1722291128096847E-03   1.3362727926977327E-03
         1         28   1.5681240448024234E-06   2.6018377909280362E-02   2.2945709765854012E-03   1.5569992356329455E-03
         1         29   4.1730489190468074E-08   5.3126980410629640E-03   9.4943728949343028E-05   1.1960651471803419E-04
         1         30   5.1930227658382946E-08   1.6187184670446920E-02   1.7158404726947779E-04   3.1068081719410310E-04
         1         31   5.9059569518287124E-12   1.2287949121604648E-02   1.9645071451059308E-04   3.4999146592458203E-04
         1         32   2.2587327940521831E-08   1.5818268945603110E-02   2.0577048682150000E-04   3.4024805230060246E-04
         1         33   1.1129611160629747E-11   5.9661680555222110E-03   4.9646625121317434E-05   9.6180622195965530E-05
         1         34   1.6097094399072039E-10   1.3525989666111456E-02   9.3268629340500546E-05   1.9517775229739830E-04
         1         35   0.0000000000000000E+00   3.2392992828056593E-03   7.5346080827917354E-06   4.2884008940365048E-05
         1         36   2.3580638320932556E-11   6.1999879147489898E-03   6.3925349013516043E-04   7.3514394021519883E-04
         1         37   3.0205788612816423E-05   2.3146869591039378E-02   2.2144806558818237E-03   1.1424083322065428E-03
         1         38   4.1573221269547085E-13   1.6584300352722979E-02   1.3326669060909212E-03   1.2869364929835809E-03
         1         39   9.1209216155177358E-08   1.4532497131217724E-02   3.6547702418193379E-03   9.0745045986046586E-04
         1         40   0.0000000000000000E+00   5.9786454865959513E-03   2.9110641553555616E-06   4.4972999839181780E-05
         1         41   2.5505347273361381E-09   1.6776484767029119E-02   1.9052442323296542E-03   1.5025069035912205E-03
         1         42   3.5539058738121894E-15   7.2598815323610157E-03   1.9442097766575759E-04   2.6218690232696643E-04
         1         43   5.0160872146902308E-07   1.2831176234861972E-02   3.3874253756458232E-04   3.3896349108359627E-04
         1         44   0.0000000000000000E+00   5.7398835573318286E-03   3.1958840535222825E-06   3.9912538865129296E-05
         1         45   1.5708464375135195E-11   1.5727585209199938E-03   4.0512333475284287E-05   3.7092017255502396E-05
         1         46   0.0000000000000000E+00   4.8381027774286565E-03   3.3737591706209223E-05   5.6683375619106801E-05
         1         47   3.5899589293116460E-07   5.4220603453557902E-03   2.3081264387024279E-04   2.0135871642096718E-04
         1         48   3.5928131397850799E-09   4.9308321477149891E-03   5.2743298860776838E-05   9.4350962816261305E-05
         1         49   1.2488416249952537E-12   1.5038730397356633E-03   3.3839053093649959E-05   4.2861929604030087E-05
         1         50   0.0000000000000000E+00   5.1044790866549223E-03   1.8457346114394191E-05   4.5941805507495062E-05
         1         51   0.0000000000000000E+00   7.1194258564295841E-04   9.8323655795913788E-07   8.3875239484300452E-06
         1         52   6.9754982635468690E-23   1.8958664595066107E-03   1.5281835554204847E-06   1.6828421012064064E-05
         1         53   6.8184625352699165E-07   1.2438240348973980E-02   1.7121881423366725E-03   1.6874082955722093E-03
         1         54   8.5740897203185221E-09   2.2240561040751811E-02   2.1631757594003657E-04   7.9559037146819409E-04
         1         55   0.0000000000000000E+00   7.3496318272831896E-04   1.2672607641570347E-06   1.1245674951296213E-05
         1         56   2.9545189658307608E-21   5.2729936903726099E-04   1.6874964376623624E-06   4.4592899997833222E-06
         1         57   1.0940399093015907E-16   8.4718993353525695E-04   8.1321056985598080E-06   1.3708088873208943E-05
         1         58   2.3359936009990298E-16   1.2513831819141525E-04   5.9323853639937457E-07   1.5649009187492203E-06
         1         59   4.8623718263706551E-17   1.1913740593070387E-03   2.2428952172356667E-06   1.2925008754868606E-05
         1         60   5.3613227335373151E-18   2.9394960144494918E-04   2.4479315258146949E-07   1.5278445931503059E-06
         1         61   2.0864198674013216E-12   8.5794540129857707E-03   1.5488037582358884E-03   1.4477101563547948E-03
         1         62   0.0000000000000000E+00   1.0803250232409695E-05   5.3221880614441348E-10   3.6390547541056294E-08
         1         63   2.8816124369515071E-23   7.1239857563402899E-05   6.6855590578468653E-08   2.3907389528207476E-07
         1         64   2.6966981480989256E-13   1.7258091730685853E-03   4.9555959176809582E-05   8.4405733572959121E-05
         1         65   2.5814541471513681E-16   3.4278491520342547E-03   4.5568556327318334E-06   5.0985122709190195E-05
         1         66   1.5638776433316558E-19   2.8255463575848499E-04   9.3151815111417405E-06   7.7283898605602840E-06
         1         67   2.4675008912898776E-16   3.7902743783338737E-04   7.5112790722651165E-07   5.0009318199147712E-06
         1         68   4.0025088004515852E-23   1.2439283637836002E-05   7.4303977224502422E-09   6.2485943027045934E-08
         1         69   0.0000000000000000E+00   1.4865147159699444E-04   6.9220280317647179E-09   3.6379375502267070E-07
         1         70   8.7822105894360381E-15   5.5834206672730627E-05   1.5264470744620700E-07   3.2529626887413948E-07
         1         71   6.1822043352360826E-15   5.1385357255870768E-04   7.4175173819128554E-07   2.1357204252231564E-06
         1         72   3.6646160591258964E-20   2.3137864094742916E-04   3.2460191466733587E-06   4.8834356028397001E-06
         1         73   3.0358695214910883E-17   3.2243617541054498E-04   1.3779787179395628E-07   2.0755321263218739E-06
         1         74   1.8309388159360525E-21   4.2771492772560435E-05   2.0634481904943188E-07   3.3311893593856593E-07
         1         75   3.6673232027499954E-18   5.3720732454101041E-05   1.9972101301400823E-08   3.2829280171644972E-07
         1         76   1.9030556596470591E-13   3.9596969848837969E-04   1.3039420537725587E-06   2.4540904793039749E-06
         1         77   0.0000000000000000E+00   5.1436717118196029E-05   1.4791229854882772E-09   1.8743132017572567E-07
         1         78   3.4292752736545064E-16   1.4474265920705942E-05   1.2069147925587348E-08   4.7025378089983050E-08
         1         79   1.5173318067814716E-16   1.4600359565103296E-04   3.3652278826621080E-08   5.8924306724346041E-07
         1         80   1.4969736710758808E-22   1.0376682737236587E-04   8.1559341667315243E-08   6.6809938075865139E-07
         1         81   4.7875686547851290E-18   2.0467726653732062E-04   2.8232702009204988E-08   7.8419419147521899E-07
         1         82   9.1252253986425449E-20   5.2999229705656418E-05   4.3013058630105210E-09   1.9780018147560498E-07
         1         83   0.0000000000000000E+00   3.3659734482031365E-05   1.2761649883563663E-08   2.4574826942271233E-07
         1         84   1.7699641617951196E-27   9.2727840466673615E-05   1.1047058506737389E-06   2.0590510336817997E-06
         1         85   8.2152646783821154E-24   1.2197892442739888E-06   4.6699395792321120E-10   6.8411815730286866E-09
         1         86   0.0000000000000000E+00   6.9665679872195547E-05   2.1602555672123716E-09   1.9727254587752011E-07
         1         87   3.7891306538898719E-03   3.5436414874314798E-01   4.9529691788955346E-02   1.9818709645471791E-02
         1         88   1.1218964702859812E-03   2.0992634146919362E-01   2.5109879607105253E-02   1.0454186875164593E-02
         1         89   8.6448940911270419E-03   2.6582888834953927E-01   7.1004609983903524E-02   2.0560602120412250E-02
         1         90   2.0277682077830253E-03   1.5599998175426424E-01   2.2670366467354198E-02   1.0446894126638281E-02
         1         91   1.4878704835376641E-04   4.8554343196155147E-02   7.1500856571406280E-03   3.2675544412302856E-03
         1         92   6.0634948742290461E-04   1.1610737438385199E-01   1.0773202228540120E-02   5.6189853548208176E-03
         1         93   6.5824594600387657E-07   2.3957634363478635E-02   1.3387305903149222E-03   1.3983463021509505E-03
         1         94   8.3182487181487268E-04   8.1578829667322814E-02   1.2263365706412880E-02   5.0618382918936186E-03
         1         95   5.9375030033854753E-04   1.4194993556956292E-01   1.3585046291124501E-02   7.2326230707488413E-03
         1         96   7.6148550462820522E-03   3.5341142120853131E-01   6.1090823557926360E-02   2.1307262472082731E-02
         1         97   3.1367201519197041E-07   2.4656736573942510E-02   5.4043550201888515E-04   6.7320894304448594E-04
         1         98   2.9047778924661673E-05   3.5058062017460263E-02   4.1792862191022762E-03   1.5334135163779399E-03
         1         99   3.2694762915843316E-08   2.0471414168562071E-02   2.8642340326329521E-04   4.3459961220272306E-04
         1        100   8.5353832556160251E-05   4.1868790076014288E-02   5.3452058658249773E-03   2.7335530366268245E-03
         1        101   1.6830794375250322E-05   4.3730561970239203E-02   3.8772321187501876E-03   3.0539950058223403E-03
         1        102   3.0613263411943148E-06   2.3868783330394702E-02   6.6809782978101428E-04   8.8499610254460018E-04
         1        103   1.2885921126136506E-06   2.6133752213613307E-02   6.4916667374571803E-04   1.2219639557857691E-03
         1        104   3.7168343256280441E-03   1.2272773892799968E-01   3.5382156480488654E-02   1.2129811894079620E-02
         1        105   7.1802884236723001E-04   2.5099732233775401E-01   2.1074752132833253E-02   1.2055292679304793E-02
         2          1   7.0614101871510307E-06   2.7219381168279094E-01   5.5030019143150914E-02   4.6323088610788481E-02
         2          2   2.9444390655821774E-03   3.1057152136995431E-01   7.1450791760518037E-02   2.2283015755833288E-02
         2          3   3.7930892576818571E-04   2.1716291531211313E-01   5.7784238396106899E-02   1.6787158316218999E-02
         2          4   5.3283101098460432E-06   2.2211736616402969E-01   7.4137077719983027E-02   7.2177727246978796E-02
         2          5   9.7461724746195560E-05   5.1011194856195785E-01   1.2250814746300188E-01   1.9786736143268171E-02
         2          6   1.5310341991792789E-03   4.9952380932784279E-01   1.6057258329031460E-01   3.8028903381658818E-02
         2          7   7.5461876144003798E-13   3.5648440423764763E-02   4.2620839785875017E-03   1.9824856481925183E-03
         2          8   2.4716109377440425E-14   4.1978341619927632E-02   3.4981649280975842E-03   3.9742355561278751E-03
         2          9   1.3320056834187686E-02   3.3426348056566257E-01   1.3932338434121966E-01   4.8489382395087620E-02
         2         10   9.9216084669139342E-05   1.0115230875394195E-01   1.9884161707432423E-02   1.5695414714520455E-02
         2         11   9.8126808135623106E-05   1.5604973137162387E-01   5.3110786135732516E-02   3.2664420483127649E-02
         2         12   1.2882510170620828E-02   1.9355710074295437E-01   1.0704578775373866E-01   2.1262661969119644E-02
         2         13   2.4957464741291666E-01   1.8366351080202470E+00   9.0976917090995646E-01   1.6496685847040893E-01
         2         14   5.7269628401254644E-02   6.9639545520999435E-01   3.4628386845627029E-01   7.8663970111585976E-02
         2         15   5.2984144301559781E-02   8.5520295194644780E-01   3.6891252399729385E-01   7.4270838356428642E-02
         2         16   1.0906623703574409E-07   2.0631398442788337E-01   4.7195468031693909E-02   4.8595100705315211E-02
         2         17   9.5544146451591941E-02   2.1903458435212930E+00   1.0975413588410161E+00   3.0080891211953448E-01
         2         18   6.9498552063355940E-03   9.3941520924639699E-01   3.1917484741480723E-01   1.0238150350658833E-01
         2         19   8.1693421292887620E-04   6.9658878282007108E-01   2.2261724675628594E-01   1.1120873894546816E-01
         2         20   5.2049146124022606E-03   1.0412799410241578E+00   4.6008323410720248E-01   1.8957827610689518E-01
         2         21   1.9201767889474500E-01   8.3356328600202290E-01   4.5364136666311072E-01   7.6258424369334804E-02
         2         22   1.4636106880915081E-01   7.6983048982585955E-01   4.4509935732743533E-01   7.7285835985797802E-02
         2         23   2.4540432323491498E-01   1.6564143091357073E+00   9.0154142450978936E-01   1.5785097791900182E-01
         2         24   2.7294074405298746E-01   1.4990327725785677E+00   7.9678983809849957E-01   1.6884454236701837E-01
         2         25   1.5193306328416293E-02   1.1808406627169648E+00   5.4566430323253268E-01   1.6895234545147372E-01
         2         26   3.8654384066903328E-06   2.7567880390394511E-02   2.3003762146153084E-03   1.4727708775274895E-03
         2         27   1.9112751010860395E-09   5.0847417328481557E-03   2.3879626459156119E-04   1.3233146511716279E-04
         2         28   1.5655038674453836E-05   5.1838643167014309E-02   5.4088135686575821E-03   4.0044506939584251E-03
         2         29   3.2755059859649449E-09   1.6807848202986812E-02   1.7386368644903508E-03   1.8860081048444140E-03
         2         30   1.8557362931153536E-11   9.3011994565201459E-03   1.1598595233553129E-03   1.2437798456968049E-03
         2         31   1.0886859731367683E-13   2.4448906499003435E-03   2.2200918976351871E-04   2.4510131838120883E-04
         2         32   1.2581380132607552E-11   5.0458944117711037E-03   7.9931125321407149E-04   8.4565993712459094E-04
         2         33   5.5458469347361870E-10   1.8376273481387284E-03   3.4960605770106830E-05   2.6786329377953867E-05
         2         34   5.8158991550479244E-06   3.8297857001758313E-02   2.8410700722994661E-03   1.8982627830622149E-03
         2         35   0.0000000000000000E+00   8.1986230980240007E-03   2.6271018141056921E-05   1.8868073508575606E-04
         2         36   4.9225887083342608E-10   7.7044331168908920E-03   7.3858384649135066E-04   7.7552831007568501E-04
         2         37   2.9364336163563797E-11   1.8062260151388650E-03   8.5095790441073554E-05   6.0117647861459189E-05
         2         38   1.5431430112162824E-13   3.2321875174705808E-03   7.7952323333555597E-05   7.1745862474009486E-05
         2         39   3.7874545164520073E-09   6.1046168529752523E-03   6.8276099362958001E-04   4.3543817838037017E-04
         2         40   3.5476264337506268E-09   4.3176750917351108E-03   8.5697197058176100E-04   8.8934632057967658E-04
         2         41   0.0000000000000000E+00   1.4257994223915919E-03   1.0152281097470977E-06   2.4689581292875841E-05
         2         42   7.3397729430155801E-07   1.7667543467739865E-02   2.6554199890731311E-03   2.5451483006984333E-03
         2         43   9.6620781985880350E-08   2.6811224056608147E-02   1.6619329487618797E-03   1.6662866164054992E-03
         2         44   1.5296530133371759E-07   1.1705942450047063E-02   1.6459983876305070E-03   9.4064234225066162E-04
         2         45   0.0000000000000000E+00   3.9800411999800752E-03   4.5153181977745113E-06   6.0878730041316599E-05
         2         46   1.4039671263954120E-11   2.1938892775467704E-03   3.6510114760718288E-04   3.8768113987295189E-04
         2         47   8.4202961836779377E-13   2.4963734141114457E-03   2.3331697944949429E-04   2.5655423425491417E-04
         2         48   0.0000000000000000E+00   4.6727797294430465E-04   3.9308388044584084E-07   7.4380373907594862E-06
         2         49   3.5890815076731218E-13   2.1607682619522932E-03   2.2366538430262657E-04   2.4406985195455104E-04
         2         50   1.4737402168188519E-07   8.0004385483749586E-03   4.1406466302843441E-04   5.4975851508851537E-04
         2         51   0.0000000000000000E+00   8.3067106973204311E-05   8.4532978324374489E-08   1.0124957186674744E-06
         2         52   2.5224560252544892E-12   4.6898711974967239E-04   4.5083815972114992E-05   4.4072455420419022E-05
         2         53   1.4953172209809005E-11   3.9032456184302320E-03   5.4520596719987260E-04   5.8551636004373431E-04
         2         54   1.1871335454461852E-15   4.8169994020739037E-05   3.5590574201069731E-07   7.4365213408111821E-07
         2         55   5.2001571865567910E-14   1.9041757061449035E-03   1.3236572287928720E-04   1.6054255604920238E-04
         2         56   1.2482734798438501E-15   5.7034230351806006E-05   6.4511283826186787E-08   4.7799479336205055E-07
         2         57   1.6303643749468843E-10   6.7877323342315794E-03   4.1890190655873956E-05   6.6166718357858986E-05
         2         58   3.3948185154083656E-16   1.1534413987470436E-04   3.5937694059412184E-06   4.5271898749435930E-06
         2         59   5.3354038013499145E-15   1.7012256538746483E-04   3.2496285537586356E-07   1.8803470067785394E-06
         2         60   5.0591558987864713E-21   2.0623521684499604E-05   1.8028424275793714E-06   2.1455084922767777E-06
         2         61   0.0000000000000000E+00   5.1168752571346090E-05   9.6896932329810551E-09   4.5251614604318590E-07
         2         62   8.6994170878166250E-21   2.1950597872986192E-06   1.2676831060894639E-09   1.5792099843475292E-08
         2         63   3.2846775905379089E-20   8.3808050372218394E-06   5.1459516472084563E-07   6.4201487961253106E-07
         2         64   4.2265940620960161E-17   4.9262890230223396E-04   2.6936107003030471E-05   3.7193889004128567E-05
         2         65   3.4101019951749391E-20   9.3994376634375619E-05   4.2127892280122253E-06   5.4293122096204114E-06
         2         66   3.2651797854800209E-19   9.9818878144560681E-06   3.8375951359446717E-07   4.9183009223799275E-07
         2         67   9.8738659876884841E-22   1.7229627520653127E-05   1.4058084405522946E-06   1.6746620734795384E-06
         2         68   0.0000000000000000E+00   2.2637668204945649E-06   2.8698174078103176E-10   1.4404229582104980E-08
         2         69   2.8775006605361471E-20   2.8012723486161456E-06   1.1756117769376978E-07   1.5773945961715374E-07
         2         70   1.1128763742074118E-20   2.7031989894981437E-05   8.9260949922996360E-07   1.2539112331739858E-06
         2         71   4.1525013797198663E-24   1.7291564882755201E-06   2.7634336350779044E-08   4.9435565148943541E-08
         2         72   1.3513214814177707E-21   6.2808055737627801E-06   2.0513907807210496E-07   2.7275765437150391E-07
         2         73   0.0000000000000000E+00   1.4512470602485248E-06   5.2416324780695361E-10   1.6956423428344918E-08
         2         74   1.0373966316128180E-22   1.6914987981088892E-05   8.6087163666156620E-07   1.0464278762439802E-06
         2         75   1.1057468166851474E-15   1.5527302778863561E-03   2.0546635512633311E-06   7.0497354709088576E-06
         2         76   2.7349286801443618E-15   1.4801225051027975E-04   4.0209904535854693E-06   5.6827545536701672E-06
         2         77   1.7574215679381356E-14   3.7656975822450878E-04   1.2769888131692247E-06   6.5262646373445629E-06
         2         78   0.0000000000000000E+00   2.9127468379592389E-05   5.0575619122179761E-09   2.1878509299967527E-07
         2         79   5.9729044746903568E-22   8.2863211035308209E-06   9.6049106716876888E-08   1.7983786922913647E-07
         2         80   3.9968643200351504E-17   1.3701374081655702E-05   5.7000718004524209E-07   7.1976710730496106E-07
         2         81   2.2554016991079645E-20   9.5674361969867092E-07   6.6701848659474290E-09   1.2310136777655231E-08
         2         82   2.6141074226801210E-03   3.6181155297564649E-01   8.2827483859517215E-02   4.2493646569675234E-02
         2         83   1.2690856245238776E-03   1.3887840098475629E-01   1.9625007249990636E-02   8.5746936864723750E-03
         2         84   6.2998926927159578E-06   2.8667387300487939E-02   1.4521879755585508E-03   1.3676295314883631E-03
         2         85   3.0304898591222182E-06   4.5266329107281525E-02   1.2051954620299742E-03   1.1718177608573670E-03
         2         86   3.5373835598234494E-05   5.8245511994833431E-02   1.4183901023249464E-02   1.1221251005645068E-02
         2         87   4.7672556410718058E-05   5.5371099065653379E-02   1.0264956391779701E-02   8.5955584888369272E-03
         2         88   1.4296036437861074E-02   4.9664254787787238E-01   1.3203599946937816E-01   4.2455447351104979E-02
         2         89   8.3929145686104656E-03   3.1135835137913831E-01   9.5347629552164082E-02   2.7295271480155668E-02
         2         90   1.1541246307643679E-02   5.1052577139809141E-01   1.2438580560856653E-01   4.1322195602923328E-02
         2         91   4.8192459882983370E-04   4.0574168756802823E-02   7.7702136855132952E-03   2.0960693895094315E-03
         2         92   5.2620797771478598E-04   5.2802883609326480E-02   1.0180409709170847E-02   3.4302814640692564E-03
         2         93   1.1802586543749128E-04   4.3563207750808824E-02   6.2563732168273243E-03   2.8644368674910635E-03
         2         94   3.8382319351592032E-05   3.9514643510445209E-02   8.4979701687549983E-03   6.7679608518060970E-03
         2         95   7.1801383793673279E-04   1.2530535557199776E-01   2.4967690381582804E-02   1.2978880676502264E-02
         2         96   2.3379974131234610E-07   3.9183233066706270E-02   7.3798488374963165E-04   1.0956647958929309E-03
         3          1   0.0000000000000000E+00   9.7185577537680271E-02   2.5320004286403771E-04   1.4355569611597758E-03
         3          2   3.9580299158377394E-02   3.7856872434020716E-01   1.1556847679221381E-01   2.3849423339754726E-02
         3          3   4.1112126618812584E-08   4.8858830657992191E-03   1.1084157077013118E-04   1.2285030205789143E-04
         3          4   9.0013917925734366E-04   5.0503417598173850E-01   1.0734091168220214E-01   3.4539205915496592E-02
         3          5   3.5081072310281425E-05   2.5950685608839352E-01   1.3409692579772531E-01   2.6883625632491151E-02
         3          6   7.5885882918575101E-08   4.1972909357920959E-02   6.9963298561951728E-03   2.7825491023716750E-03
         3          7   7.5643678513951746E-03   3.2482528818859896E-01   1.0443506950506172E-01   3.3047074454084009E-02
         3          8   3.8221299920754882E-03   1.4384287615139776E-01   3.9768323414864887E-02   1.5156359625623153E-02
         3          9   0.0000000000000000E+00   7.1091978487241553E-02   1.1539318856045404E-02   8.4311335260344195E-03
         3         10   1.5440756778119755E-01   8.8423335463662955E-01   4.7006435023425897E-01   8.8051490594726139E-02
         3         11   2.1899007906004252E-02   1.8503928355267782E-01   9.6468125514504510E-02   2.3611949672585029E-02
         3         12   6.6358317353926513E-02   3.8967676634778486E-01   1.5995766492062971E-01   2.5800222643314236E-02
         3         13   2.1743979222766616E-01   1.6775083492287803E+00   7.8315697123768901E-01   1.7006240044795093E-01
         3         14   1.4830846455784924E-01   7.0550206065647736E-01   3.3309317779709580E-01   5.6495940063125735E-02
         3         15   1.0530796145876933E-01   2.1853959159198699E+00   8.1760207577781696E-01   2.1799144542725873E-01
         3         16   6.6814021062821374E-02   1.0045812194659860E+00   4.4523449351257188E-01   1.3007488436059136E-01
         3         17   2.4094098752410684E-01   9.7194521613764906E-01   6.0044202942720148E-01   8.6099408231766275E-02
         3         18   2.2663732395117098E+00   7.0281648459750228E+00   4.0345970333056664E+00   5.7443474825347729E-01
         3         19   1.9458480298575428E-01   8.9543211018109559E-01   4.0753698191562510E-01   6.3449695148785568E-02
         3         20   1.6057677224941511E-01   7.4338675139826182E-01   4.1507023074423210E-01   8.2267788591384394E-02
         3         21   1.6484073181835548E-01   8.5483233264783554E-01   5.0058328689514675E-01   8.5827218986619991E-02
         3         22   2.5937810216545076E-01   2.0402760797658468E+00   1.0913286064650647E+00   2.4769122732659074E-01
         3         23   2.0800767377330717E-02   8.6893872452081022E-01   3.4842963842387042E-01   1.0159302422625732E-01
         3         24   2.6940798715938542E-04   2.8600959491423574E-02   1.3944091522771993E-02   2.2317048409823386E-03
         3         25   0.0000000000000000E+00   1.1337717204679448E-03   8.1146713362655116E-06   4.7803522407539546E-05
         3         26   0.0000000000000000E+00   3.7113637534865883E-04   2.5291502591367644E-06   1.3800480916534738E-05
         3         27   1.1233009495795669E-08   1.6423925308700288E-03   6.7963305541638634E-05   4.7175989938452333E-05
         3         28   1.2293986015281461E-03   3.5725848601935756E-02   1.3701010019793982E-02   2.2910460522015323E-03
         3         29   0.0000000000000000E+00   1.8711591303535017E-03   5.1478918743420430E-05   5.2695881865058763E-05
         3         30   2.9071159358183409E-06   2.0540685372160972E-02   8.9408433692527572E-03   2.3418671459053283E-03
         3         31   1.7041488468385865E-05   1.0958403752853190E-02   4.0365597440904294E-03   9.0174870628047168E-04
         3         32   9.4118840771099961E-11   2.8653773662565465E-03   6.2598137565366836E-06   8.8218644769011350E-05
         3         33   8.2692458245628771E-10   4.6605522206018404E-04   1.4219164617170251E-05   1.3503153814236981E-05
         3         34   0.0000000000000000E+00   3.7980877200346241E-05   3.0238484991564725E-08   5.7470536942568760E-07
         3         35   0.0000000000000000E+00   6.5919126594797290E-04   8.8845364628657580E-06   1.4836948840717170E-05
         3         36   0.0000000000000000E+00   1.0740576664135351E-02   2.1873706602116762E-05   1.3903746909961018E-04
         3         37   3.0431658951715114E-04   5.2402807419251539E-02   1.5681881729308168E-02   3.6715538165139807E-03
         3         38   4.3183732645584001E-05   2.3126834117068267E-02   2.9360745255412367E-03   1.0815167989499687E-03
         3         39   0.0000000000000000E+00   3.7642778198057072E-03   1.5625076914158450E-06   3.7516417444064380E-05
         3         40   2.2143241129867031E-08   7.7283250748164079E-04   4.3292497796306656E-05   2.3654009989596709E-05
         3         41   0.0000000000000000E+00   4.4481285803551447E-07   2.1960226468387319E-10   4.5317977209427470E-09
         3         42   0.0000000000000000E+00   4.7949758267046535E-05   2.4001242968190563E-08   3.7066192250631378E-07
         3         43   0.0000000000000000E+00   9.4127190283016078E-06   1.2893049144836811E-07   1.9607415131255146E-07
         3         44   1.8374206015138943E-04   2.3100881433682486E-02   2.2258501055045913E-03   1.0754897023672958E-03
         3         45   3.2184007128123029E-08   3.9601796288712739E-03   2.3385632533448080E-04   1.2701289214302820E-04
         3         46   0.0000000000000000E+00   1.2056226825183366E-06   4.5516633013116611E-10   1.2891587555072712E-08
         3         47   1.1753421838497575E-09   3.0509872967482130E-03   2.9413717037615175E-04   1.1830264049931234E-04
         3         48   3.3798358842561511E-08   7.3702785658895180E-04   2.8355406538779073E-05   1.9751335467848234E-05
         3         49   4.5565590938076780E-11   8.4441646932177292E-04   4.7068406960667384E-06   2.8874306266216667E-05
         3         50   0.0000000000000000E+00   1.2246763508209497E-05   2.1334652497283213E-08   1.4534469618759688E-07
         3         51   0.0000000000000000E+00   1.3853827041787920E-05   2.6359614230132593E-08   2.4911603292805049E-07
         3         52   0.0000000000000000E+00   4.9471843458303525E-03   1.6149948184455503E-05   7.5818473348044475E-05
         3         53   1.8907073174924508E-09   2.0557841999859638E-04   3.8219221995998005E-06   4.8652670200785268E-06
         3         54   1.1092680857396528E-13   3.7546145613393355E-05   3.8731981156495738E-07   7.8162081854483370E-07
         3         55   0.0000000000000000E+00   6.8092946327822180E-07   9.7229718240132072E-10   8.9390427988311924E-09
         3         56   6.0377411152912412E-09   9.9423768443459475E-04   1.9350753036554945E-04   6.5117503722972019E-05
         3         57   1.5520701828499134E-15   3.1269660338328187E-06   1.2130659299794586E-08   4.4293118915299683E-08
         3         58   0.0000000000000000E+00   1.2649618717755580E-07   2.1093167727641137E-11   8.4178669818605664E-10
         3         59   0.0000000000000000E+00   4.9328198904070141E-08   6.8854234362124435E-11   6.7440649884842528E-10
         3         60   4.2729263016259371E-07   2.5257488331344438E-03   1.6759510226040862E-04   1.1185144038387375E-04
         3         61   2.0018901904879375E-08   1.0049103948679675E-03   4.2282631602030970E-05   2.7005146954581218E-05
         3         62   0.0000000000000000E+00   1.7177012130522205E-08   4.3090756791621115E-12   1.7447818979511303E-10
         3         63   0.0000000000000000E+00   7.5958430525444311E-07   9.9193672260535698E-10   1.1596387848878046E-08
         3         64   0.0000000000000000E+00   6.4146662300488004E-06   8.1551452585888083E-09   6.8184849032199500E-08
         3         65   3.1674839382458169E-11   2.4728105505207217E-03   4.0601891848036876E-04   2.2416262494630250E-04
         3         66   3.5744853344820902E-11   1.9270758870365028E-04   2.3709368733105701E-05   1.1983911851815635E-05
         3         67   0.0000000000000000E+00   6.3444411305126617E-09   2.0409032663797160E-12   6.1190165074595260E-11
         3         68   3.2686908587177158E-12   8.0864982409000589E-05   3.5544144620948386E-07   6.0926649207156860E-07
         3         69   0.0000000000000000E+00   3.4011440807116897E-08   8.1901704175029877E-12   2.8549586080787588E-10
         3         70   0.0000000000000000E+00   3.4537211609921912E-05   4.1622093941501366E-09   3.1532763105614594E-07
         3         71   1.2915896023814033E-19   2.9166530237395969E-06   5.7458096116685831E-09   6.3592910316966343E-08
         3         72   0.0000000000000000E+00   3.0650523587974112E-08   6.6104202675430958E-12   2.4345781919641571E-10
         3         73   0.0000000000000000E+00   1.7547400681116825E-05   1.7865575127886371E-09   1.3879337163389819E-07
         3         74   1.5323327123247677E-16   2.2089106100979271E-07   2.5107298387178308E-10   1.9903384816521827E-09
         3         75   5.3827674892565051E-21   2.0711878133005878E-06   2.1619291546391229E-09   4.0780463164043048E-08
         3         76   0.0000000000000000E+00   3.8007403386298420E-09   1.7831542015960300E-12   4.5717308420522695E-11
         3         77   4.4942270659173136E-22   1.9238796918299933E-08   1.4392898082397529E-11   1.8223086922445908E-10
         3         78   1.5687157283234537E-10   4.3212628154315653E-04   1.7031056981754025E-05   1.6589333803571461E-05
         3         79   3.9402299895997592E-10   1.4908742112241171E-04   1.5520342556006690E-05   9.0288553942769533E-06
         3         80   0.0000000000000000E+00   6.0235904835268820E-05   1.0210727917690054E-08   5.6237439596064461E-07
         3         81   9.5570741854807972E-19   8.2982388777473396E-06   1.7284099129226054E-07   1.7843511827521797E-07
         3         82   0.0000000000000000E+00   2.4892441213270615E-08   4.4134296205484507E-12   1.8357531860136920E-10
         3         83   1.6193320985125913E-03   8.5267096029700465E-02   1.7930803994162713E-02   5.7326997366836619E-03
         3         84   1.0484096704172546E-03   8.3866535762710373E-02   1.4785129866939986E-02   5.7959799532995224E-03
         3         85   1.6019958570047594E-04   3.0075249044236210E-02   2.0633318732597374E-03   1.7502060129466711E-03
         3         86   5.8117682003580152E-06   1.5453107004832822E-02   9.3769649949465702E-04   8.3979637004690769E-04
         3         87   5.1379376816830975E-06   1.2080402056853288E-02   5.4230719949724740E-04   4.7540080916575161E-04
         3         88   3.5367524594090857E-02   5.7363816776469134E-01   1.4971487398752356E-01   4.4805539592232477E-02
         3         89   1.5478649036342672E-03   1.5137859345162272E-01   2.0481874116408900E-02   5.4860533213163514E-03
         3         90   2.9934836636257901E-04   3.8811221380961582E-02   2.9662392468829345E-03   1.8710299977986345E-03
         3         91   2.7384144984267048E-05   5.1632078934481990E-02   3.0108396067048829E-03   3.6086899666300759E-03
         3         92   5.1190053291998741E-06   4.7925117251891414E-02   1.3579126437035826E-03   1.4377476422530945E-03
         3         93   0.0000000000000000E+00   9.3760397818532968E-04   6.8812478461284182E-06   2.5071278819202079E-05
         3         94   1.2706128697124856E-05   8.9424435163704217E-03   9.6181933592596786E-04   4.3720294698428714E-04
         3         95   2.4656566292017547E-05   6.3706226343513694E-02   4.9696725815947885E-03   3.8570312024944955E-03
         3         96   6.4580254513567782E-04   3.9670986740744471E-02   9.8351283379521943E-03   2.7944436846987224E-03
         3         97   0.0000000000000000E+00   9.6107875991686314E-04   6.1559040176022560E-06   2.8871860819897902E-05
         4          1   1.8473547466397011E-02   3.9795513024212859E-01   1.3419611058756117E-01   3.5144141153356484E-02
         4          2   2.9789167101486685E-02   1.1679448203332801E+00   4.4412320227665875E-01   1.1938002689591223E-01
         4          3   1.5516766678890322E-03   5.3223873817916223E-01   1.6057258329031468E-01   2.8374919142393831E-02
         4          4   2.1942940871179286E-03   4.1299649215602419E-01   9.7146167905318298E-02   2.4482052243684705E-02
         4          5   1.4182890169393413E-07   2.0438423182430607E-01   5.6907070474681966E-03   1.6737074576303912E-02
         4          6   1.1991343741104250E-10   5.8273378458477527E-02   1.8035336733360285E-02   4.8675235958379973E-03
         4          7   6.2964004748494950E-19   5.5613398551734698E-04   1.7197440238915657E-06   7.1081385268274842E-06
         4          8   3.6005048871181439E-10   1.5274740589658305E-02   3.8712778365708724E-05   1.7856962003517924E-04
         4          9   4.9715007312942538E-02   2.8576252367073979E-01   1.7467356716573945E-01   3.0945145624195747E-02
         4         10   1.4455086685991367E-07   9.6352012048761509E-02   5.2615683092150513E-02   1.2803905037779997E-02
         4         11   5.7527637906788186E-03   1.3362843427634033E-01   4.5429015329509354E-02   1.7058322395647078E-02
         4         12   1.5376975848725685E-03   3.3900681411533884E-01   1.5418185100730522E-01   2.0310191774586882E-02
         4         13   1.8908184049679508E-01   8.6320845588615436E-01   4.3692966379777010E-01   7.4295643786542742E-02
         4         14   1.7948771250145202E-02   2.2106058366666814E-01   7.9978832460314855E-02   1.9159973809855409E-02
         4         15   4.3797624527219449E-02   3.5320554875177185E-01   1.8566387072962867E-01   3.6339619176312593E-02
         4         16   6.5544782473351840E-02   7.5553815977659244E-01   3.6891252399729396E-01   8.3024554535198608E-02
         4         17   4.6104061842753771E-02   1.0388920941021555E+00   4.6008323410720192E-01   1.3070990151857537E-01
         4         18   3.1353654866415892E-02   8.1787330753172605E-01   3.6230211174508858E-01   9.7948434569347986E-02
         4         19   1.7073424100182225E-01   8.2238855946108369E-01   4.4509935732743561E-01   8.0501288706651158E-02
         4         20   6.4516828861273981E-02   4.5008745255322996E-01   2.0753511537211605E-01   4.6640295182371699E-02
         4         21   1.0148687384972231E-01   9.1701839172542599E-01   3.6646286684284285E-01   7.7135744318103050E-02
         4         22   3.0945550448530065E-08   1.5812472181797477E-02   6.9405094930665670E-04   5.1661463055936306E-04
         4         23   1.1126754866211086E+00   4.1597895591759553E+00   2.4068821687938255E+00   3.1797654592061936E-01
         4         24   8.1767708693947963E-02   1.1146538352679052E+00   4.7452609518840788E-01   1.0460543383045406E-01
         4         25   1.3756122328800757E-01   1.6476927716070380E+00   7.7593449870011488E-01   1.6445816250980710E-01
         4         26   1.2722947370943815E-05   1.6875779591599759E-02   2.9833209319631610E-03   1.4470475230820494E-03
         4         27   1.6993265835011345E-06   1.5864369936128862E-02   4.0121059406151037E-04   3.8943848264410018E-04
         4         28   0.0000000000000000E+00   2.5200924844505937E-04   1.8835172108079547E-06   4.1007388598185057E-06
         4         29   0.0000000000000000E+00   8.1596242001106027E-04   4.8881699820276300E-06   1.6328780450283318E-05
         4         30   3.4216448322796182E-07   8.2853131429657736E-03   7.6227556416287015E-04   4.5277600372878671E-04
         4         31   6.1803293741873541E-14   1.0506662354115601E-03   6.8772426660701567E-06   2.0184100016302456E-05
         4         32   4.0375654772076897E-08   3.4894139371537229E-03   2.6646975847309357E-05   5.8076002500259823E-05
         4         33   3.8269631605979948E-11   1.9449114817424915E-03   5.9856315190494316E-06   3.9125912099212438E-05
         4         34   6.8981896063144768E-14   5.5666471926563198E-04   1.3201224771169408E-05   1.2303009796667213E-05
         4         35   3.2331756452560287E-09   5.2606449018563993E-04   6.1017868882541442E-06   1.4931581352514124E-05
         4         36   0.0000000000000000E+00   1.9981733213469263E-04   1.8382418680322952E-07   1.6421498162128831E-06
         4         37   7.5137680164399777E-06   4.0439498570656561E-02   2.1008856579072107E-03   1.6155270602561569E-03
         4         38   1.6009882812901187E-05   2.5753306762366954E-02   2.3321124761182949E-03   1.2701327296439993E-03
         4         39   1.1429650361085256E-06   3.4754572144559508E-02   8.9015037464759803E-04   1.3946422918913823E-03
         4         40   6.9308660133478773E-10   5.0183954701704010E-03   2.7297392820754227E-04   2.0520098477644171E-04
         4         41   0.0000000000000000E+00   2.2458978347456794E-04   1.2702657172122599E-06   4.4328701222881405E-06
         4         42   0.0000000000000000E+00   1.0056685788093649E-03   2.7113689785990953E-05   2.7682076880466806E-05
         4         43   0.0000000000000000E+00   8.9345218619493272E-04   6.4334067757085657E-06   2.0965438868102494E-05
         4         44   0.0000000000000000E+00   4.1153484282116114E-04   6.4368549766108940E-06   8.8832964454274737E-06
         4         45   6.7127348687326648E-09   8.5658247737996221E-04   2.4679862409388882E-05   2.0244476213666924E-05
         4         46   0.0000000000000000E+00   5.6369174660089900E-05   2.2097966086836459E-07   5.2020016576673727E-07
         4         47   3.1261738668590983E-10   1.1260662293240738E-02   1.4945248291938164E-03   7.5201971088719724E-04
         4         48   5.1808042004945628E-09   4.9711543976710222E-03   1.1022662421241195E-03   3.1902485998146836E-04
         4         49   1.9512365026518693E-13   9.2572934531507593E-04   1.2253735961224200E-05   2.1101635657997108E-05
         4         50   1.7633167203604527E-07   3.0176742683751791E-02   3.9615376605010275E-04   9.2871326435877278E-04
         4         51   1.4692907876054354E-06   1.0099756050889244E-02   5.3934098400767094E-04   4.5227540341619523E-04
         4         52   1.6132226066622185E-11   9.9995939755541407E-04   5.4817917560949371E-06   1.4499531689672524E-05
         4         53   0.0000000000000000E+00   9.9395524489415000E-07   1.2654580177368315E-09   9.7484702181042506E-09
         4         54   9.7244200753624250E-08   1.1413256916720434E-02   1.8532738879327781E-04   3.1983948996836572E-04
         4         55   2.7818883523890962E-11   1.0967738144508550E-03   1.6103100355716942E-06   7.3667131509216572E-06
         4         56   2.3130202843193909E-17   3.1093070484622745E-05   2.2673223822708452E-07   5.3886735142732503E-07
         4         57   3.9504374207424493E-11   6.4884471947422261E-05   1.1167251936589395E-05   4.3326515627659841E-06
         4         58   0.0000000000000000E+00   8.5641511363907285E-07   5.0560745644801173E-10   8.8427360098412576E-09
         4         59   0.0000000000000000E+00   8.3282674811345796E-06   1.4431404279401074E-08   1.1584767455869219E-07
         4         60   0.0000000000000000E+00   1.1090056348869619E-06   6.4025526384829381E-10   1.0347311168421409E-08
         4         61   2.7221110352271907E-13   2.8365035461492597E-03   9.2428585663079167E-06   8.3077788708005703E-05
         4         62   1.6671093295161430E-11   5.7533718336242180E-04   1.2812886321637826E-05   2.5594000866761018E-05
         4         63   2.5770197988470291E-20   1.5105009732460198E-05   8.6767554600645277E-09   1.0982160451748116E-07
         4         64   8.2556652453890688E-20   4.4714054896201831E-06   1.0420513256225549E-08   4.1846915261443013E-08
         4         65   7.7301472174037808E-15   1.0517222695008307E-05   1.1016786168077977E-08   7.0720188842540702E-08
         4         66   0.0000000000000000E+00   2.4383548092015608E-08   7.8576003610733313E-12   2.0104552537036695E-10
         4         67   0.0000000000000000E+00   2.9153723008257601E-07   1.8803591038439464E-10   2.8388723350355161E-09
         4         68   1.6849047271432091E-11   1.4249332435992321E-03   6.9000563998477759E-06   3.3918436163513072E-05
         4         69   7.1156393747142879E-15   1.2351607949614323E-04   5.6490862767501510E-07   1.9201538615617731E-06
         4         70   0.0000000000000000E+00   3.6500586713919756E-06   2.8908217521447336E-09   3.4591141681943741E-08
         4         71   1.5765924290129184E-13   2.2102628933341333E-04   1.2022556563824542E-06   5.1437735210256386E-06
         4         72   2.7480007730070277E-21   3.7347974075993104E-06   3.1268509210899488E-09   2.8324569692443262E-08
         4         73   1.1055286980960516E-16   9.6334488799750732E-05   1.1814082906126911E-08   4.0088810006305485E-07
         4         74   6.5141605936111393E-23   7.2638559560687707E-07   4.2340583116575078E-10   4.8561007116065745E-09
         4         75   0.0000000000000000E+00   1.5464035525478207E-08   2.8943946784001619E-12   1.0870345836809876E-10
         4         76   0.0000000000000000E+00   5.4484531418297674E-09   1.2403761285767534E-12   3.8376969977004460E-11
         4         77   5.4810974933373176E-21   1.7718780616723451E-05   6.5431152087717154E-07   4.7119784762904966E-07
         4         78   0.0000000000000000E+00   2.7220180666759037E-08   7.3366790054825446E-12   2.4218470429347129E-10
         4         79   2.1121146846791297E-16   8.1565287286702653E-04   2.3162325261677367E-06   2.3180565183244540E-05
         4         80   3.1773738708976597E-17   4.7816439901130717E-05   3.9504801447897157E-09   2.1840036731566605E-07
         4         81   4.5538131498458809E-22   7.4406054735210864E-06   6.9964894001599675E-09   4.3440009273331057E-08
         4         82   2.3587002100270823E-17   5.1082196531808332E-07   1.6871956990705650E-08   1.1562047502920885E-08
         4         83   0.0000000000000000E+00   6.3333559048068934E-09   8.8288470074912237E-13   3.7680426455588999E-11
         4         84   0.0000000000000000E+00   2.1723738254254041E-09   3.7708557748894913E-13   1.4457148617691932E-11
         4         85   0.0000000000000000E+00   1.9622317451232782E-08   5.3251690278315013E-12   1.7238313913143389E-10
         4         86   0.0000000000000000E+00   1.0450216924190797E-08   2.7093772972246887E-12   7.4363094791339140E-11
         4         87   4.6323057927960295E-18   1.2127640098876705E-05   1.0418827849835598E-09   7.5768653897072762E-08
         4         88   2.9909163806454510E-23   3.3439582830532856E-06   5.5667012687495979E-10   1.9678643136039208E-08
         4         89   1.4136182347299672E-26   2.0845837777031519E-08   1.1765691125966822E-11   1.8954278760256371E-10
         4         90   6.9245034194208687E-21   1.6394365234109454E-07   8.6420595162851685E-11   7.5002121971774231E-10
         4         91   3.6756016639760938E-15   1.1506360261332455E-03   4.5683340479423633E-07   6.2705877532806818E-06
         4         92   1.2347156300703952E-13   1.8099470536007224E-04   2.0393880334624432E-07   1.8143627027603723E-06
         4         93   2.3032098798673940E-19   7.2497115228164298E-05   1.7468705293719956E-07   3.9071308225928302E-07
         4         94   5.7159023960919803E-17   1.3434104376289829E-04   9.5005354833375159E-08   9.6216077290073301E-07
         4         95   1.3080672810079925E-15   2.1419492307715823E-05   3.6346188140339082E-06   1.6626622314264543E-06
         4         96   0.0000000000000000E+00   1.0197041702882988E-08   2.8869022490477534E-12   9.1643096542206368E-11
         4         97   0.0000000000000000E+00   8.4352695798532244E-09   1.6352092009902762E-12   4.9574736358231913E-11
         4         98   2.6833013060851723E-03   5.3858490134336612E-01   5.8161228453363946E-02   2.9144310418595869E-02
         4         99   8.7850342667211776E-04   6.4064290702408738E-02   1.2398789487296712E-02   5.0956698393205564E-03
         4        100   1.1668153187962960E-04   3.3400164862933450E-02   3.5450139867917027E-03   2.0381307146474857E-03
         4        101   1.6898996493702024E-04   2.4390244523484261E-02   5.5257351525418935E-03   1.8292509770048916E-03
         4        102   2.1226425856890472E-02   4.6426377483660775E-01   1.2971208323444569E-01   3.6842921413703156E-02
         4        103   1.9492248533593502E-03   1.1003363620700249E-01   2.5198693002538068E-02   6.1189013329454537E-03
         4        104   3.4076262242615541E-06   1.1473914468393662E-02   1.0924084131034891E-03   8.2273589491756302E-04
         4        105   4.0438661319841209E-05   4.4469929874748279E-02   3.8757148042071620E-03   2.8483049725331489E-03
         4        106   5.8747680430440744E-04   6.8405485446503655E-02   6.2521108923983323E-03   3.1858847944809961E-03
         4        107   1.8728262000297671E-06   7.1876007732743939E-03   3.2496896407282382E-04   2.9968978965137636E-04
         4        108   1.1358119635678321E-03   6.4516271380750639E-02   1.3086686397187295E-02   3.8065149691391730E-03
         4        109   2.0547108820224253E-04   3.6202298496992191E-02   5.7466792636434111E-03   2.4505108782971090E-03
         4        110   3.5980307588616847E-05   2.0570031388927070E-02   1.7518284038651154E-03   8.5164478867489908E-04
         4        111   3.0947109591450518E-05   1.3469618829145989E-02   1.8726376456174461E-03   7.8942033933728493E-04
         4        112   4.9396016885721380E-06   1.2456144801521133E-02   9.4659768272208414E-04   7.0270081443598253E-04
         4        113   9.9145194003950520E-09   1.0235611223238161E-03   4.1937133477292670E-05   3.3965397217869000E-05
         4        114   1.1184447623530729E-03   4.5150975513792449E-02   1.5762870555108374E-02   2.5973972674707573E-03
