<simulation verbosity='high'>
   <prng>
      <seed>4441</seed>
      <state shape='(624)'>
       [ 993169749, 3471824467, 3329853804, 4011735466, 3632288812, 
         1686061907, 1180323664, 2355871323, 3458078312, 2623294706, 
         1207616122, 1690372393, 2117572314, 1165277005, 2602024164, 
         4034615019, 3017547095, 149802620, 1042223791, 921531336, 
         500922671, 1635841943, 246420451, 2918073943, 1846425244, 
         1202133154, 4081130731, 2329916561, 2290295804, 3078956698, 
         953070160, 2010202856, 28966629, 182452040, 3803196106, 
         170610938, 3583493550, 139767573, 3702415090, 3108203738, 
         3770465026, 3277105944, 2387384215, 4040427783, 1177447618, 
         2764411260, 2531981313, 2369804768, 2684942488, 4092598148, 
         1833146663, 204595813, 4006558804, 979284705, 2136248685, 
         2229704654, 705143858, 3089280954, 1792552405, 3951017020, 
         815034476, 1627103577, 4162700925, 1155608219, 2385993519, 
         1777922970, 2560785192, 3661886773, 2940294626, 855192195, 
         4202412178, 2923867809, 3028643277, 2938718722, 1938411338, 
         1579814492, 927618702, 2564221096, 2503257843, 395660943, 
         772677824, 1129554450, 2508153278, 1683304722, 2883012370, 
         1241345346, 1350618485, 1478346699, 825878759, 1803855152, 
         1031333552, 108387107, 1203416600, 2635403511, 1135333837, 
         159178736, 1243076626, 2968706322, 693336129, 1084754562, 
         1556523417, 1026526434, 284457434, 2684286172, 884904594, 
         770946885, 2170511092, 635557666, 2131774858, 2392646433, 
         1812863703, 2581931563, 372674374, 2439834385, 938218220, 
         1102959644, 2507802644, 377001090, 2426638386, 886089177, 
         2894891038, 2230078340, 210681409, 3528245758, 4058882007, 
         3062218461, 1577581014, 2590404115, 2049281324, 1556175993, 
         1731755967, 2450316599, 961594289, 1805683923, 3685787711, 
         1466018478, 1298135430, 2971038801, 2709525436, 1310869082, 
         1238825059, 3693935757, 985172073, 4173467095, 3072125992, 
         4036792949, 2171200798, 3468503975, 3036023074, 2428162073, 
         308105918, 1143530754, 3001657764, 265238297, 3909278177, 
         3995299057, 14267760, 67331028, 1699523621, 1868700653, 
         2724820304, 4267112002, 1481916235, 3139414151, 1159519838, 
         208247848, 854101894, 566713035, 668273294, 3716434979, 
         116441543, 1159398361, 514722881, 4019475843, 3675142285, 
         4015788498, 4050495181, 2656775527, 1992122764, 1608608207, 
         3811703678, 2057278454, 789734248, 1023030191, 840822013, 
         335270956, 1374797894, 3192886887, 670655301, 3489627342, 
         2623810246, 1060022795, 949268736, 781671277, 705737281, 
         2968977169, 1708306231, 3672571698, 3607633149, 3224165955, 
         1352386720, 1523804924, 1974995209, 3939088434, 3290619112, 
         381414069, 612186163, 809815065, 742060316, 555007358, 
         1982633571, 2096683507, 2149819746, 3896310742, 2714632997, 
         3324785744, 916083612, 3117681867, 1877059983, 3798661490, 
         1172304815, 642301926, 2602890034, 649855094, 282488575, 
         1853756824, 3840517873, 5276122, 2706948887, 3045504587, 
         3243805961, 1360033977, 2012280509, 301992167, 3568030499, 
         4044028765, 2202867137, 73786473, 2538968443, 3526654593, 
         3850050598, 3551139797, 2463380134, 998556987, 1226573765, 
         3383509787, 1136249933, 2466947014, 3247455750, 1464986604, 
         294013536, 3117977610, 2142870495, 3520869146, 2648510820, 
         3061506197, 2910150050, 257459603, 2245809392, 696547722, 
         1191221549, 3336537837, 651499919, 2390556550, 2068485266, 
         1886837174, 2938770410, 4293072108, 1107557940, 4207891166, 
         2644555985, 4263260254, 2524291731, 3137869831, 3782210003, 
         3279093260, 2146136214, 3773747178, 2834668389, 2102114191, 
         1011248141, 365253991, 2533554875, 3972114292, 1779792022, 
         201462424, 864259749, 2284303029, 2921635004, 3085916858, 
         2824867151, 3721380045, 3923001937, 2301943163, 293754713, 
         606132840, 3847528075, 880173757, 2719221467, 896967814, 
         980361749, 1609536701, 1563220671, 3702764509, 2078177894, 
         2333765329, 3193685416, 3544162801, 2289614535, 3226784130, 
         2490156672, 477168270, 1722890258, 698636062, 2426173186, 
         1639517539, 1273710170, 3280256521, 3549748085, 2715446012, 
         189483102, 3156461530, 1700142941, 4224426315, 1537863885, 
         3818332292, 633960062, 402058341, 738098167, 352524449, 
         3803985361, 2470441075, 3376202721, 807181771, 2543710739, 
         2960248107, 2505952545, 237298959, 4058046002, 2377871476, 
         1647678248, 933250796, 79150590, 1715521623, 821444604, 
         63024091, 3871498419, 4274168962, 1775885369, 2381454673, 
         2107855563, 2387730544, 2598935982, 1070193591, 1754584198, 
         247452075, 1747986855, 1199445950, 3962802082, 4146592058, 
         3726647723, 2546277880, 297663649, 509955549, 648807864, 
         1817767945, 3326415649, 1537790900, 3236417400, 731029835, 
         1638199431, 3487582194, 584371585, 1099637973, 658843174, 
         448729092, 1544994584, 279980938, 3834266551, 1578082362, 
         1082229680, 1047643684, 2933002882, 1407362510, 3596813759, 
         3717079937, 2056259109, 2214723800, 946152241, 3990370219, 
         3004047967, 1412615428, 2984373264, 3480004889, 3170033559, 
         230764748, 2173680222, 2481775074, 3738630679, 3574922325, 
         698832979, 4084507686, 4029762841, 1827627801, 3959736724, 
         1074894071, 2276511430, 1051833731, 1127294061, 2027294859, 
         858879121, 3539986875, 2341052430, 460611655, 3672733916, 
         2307306569, 3135022694, 3376697966, 3766429079, 1322864637, 
         3871546171, 875424257, 2198299613, 2484663767, 210514728, 
         819778199, 3238627150, 769762955, 2850131178, 42000151, 
         3008307893, 714047120, 1850654582, 2586075242, 657792193, 
         339586069, 52595665, 3007013091, 1659524670, 1061618657, 
         3081781993, 546728868, 1999461265, 753624271, 911420924, 
         1475261887, 209859599, 4258142364, 1832501608, 29623569, 
         3849510940, 1395202403, 493796674, 376776828, 1101766484, 
         1750561922, 3622740538, 2274387769, 2837703687, 3845382918, 
         117066683, 3087345274, 2783181653, 3093180121, 2158233327, 
         657580789, 1587396253, 2420255503, 2199622794, 2832119883, 
         990012570, 1121234715, 3822909584, 2123798346, 1301387275, 
         1222027924, 1143884583, 546862350, 2878408117, 3196053204, 
         3205159399, 792078880, 295039787, 2516576193, 1480675052, 
         295570663, 2746382813, 141811404, 2392648066, 1733807275, 
         3668818854, 3072210729, 1099116874, 424107330, 2674596076, 
         1641217517, 2651100582, 3602680407, 1823035244, 1096459839, 
         2864875724, 1430017823, 364519339, 1069584887, 2814042313, 
         1742144796, 1612309421, 4238159119, 2171012388, 1723206801, 
         2630945801, 1021625325, 3309362709, 2860674217, 3211995671, 
         2637527275, 390272777, 3103002022, 4152958864, 4121793654, 
         537215909, 869257259, 657434815, 2459491707, 3849093311, 
         1498973423, 3595918516, 1517751444, 1837357343, 2680545746, 
         451531004, 1213973427, 926964934, 3027475205, 1967198707, 
         353376942, 802160350, 1031173033, 3851178880, 2278602132, 
         162338694, 3938100841, 2238895976, 3304901726, 4278737493, 
         4100790684, 2255750431, 2680074610, 3736676069, 2084734013, 
         4074295201, 1531501335, 3083183418, 2323628558, 3699605064, 
         1963415071, 1512214019, 1366461523, 3897587169, 3117179386, 
         54806640, 2064458877, 1226106256, 3228915501, 1525351451, 
         499392914, 1365227855, 3878288611, 674312423, 3149967144, 
         1305934559, 3288060602, 2510143519, 1181320633, 741127242, 
         4249010313, 1680088867, 2480793952, 2038426885, 1448415187, 
         1892957023, 138819024, 1378576161, 1883193208, 490823195, 
         1200035646, 1203672243, 1147967896, 2549779900, 2869407076, 
         704393655, 2089776963, 711076434, 653014536, 2739079233, 
         1287975854, 4188429496, 797077011, 1135893380, 1403293546, 
         2248542035, 3726733511, 642611480, 1543548085, 327432936, 
         1976025890, 2247965266, 3069773244, 3778680511, 3890841238, 
         3364570822, 3395735494, 1012351568, 62857460, 3298142904, 
         60990379, 1517735784, 356639431, 829377423, 485587505, 
         398627233, 415445654, 4045921745, 1159610923 ]
      </state>
      <set_pos>444</set_pos>
   </prng>
   <output prefix='simulation'>
      <properties shape='(6)' stride='10'>
       [ step, time{picosecond}, potential{electronvolt}, conserved, temperature{kelvin}, 
         ensemble_temperature{kelvin} ]
      </properties>
      <trajectory filename='pos' stride='10'>positions</trajectory>
      <trajectory filename='frc' stride='10'>forces</trajectory>
      <checkpoint stride='1000' overwrite='False'>101</checkpoint>
   </output>
   <step>100000</step>
   <total_steps>100000</total_steps>
   <total_time>  3.00000000e+05</total_time>
   <ffsocket mode='unix' name='driver-dftb'>
      <address>dftb-nvt-ga</address>
   </ffsocket>
   <ffsocket mode='unix' name='driver-gap'>
      <address>gapd-nvt-ga</address>
   </ffsocket>
   <system>
      <forces>
         <force forcefield='driver-dftb'>
         </force>
         <force forcefield='driver-gap'>
         </force>
      </forces>
      <ensemble>
         <temperature>  9.50044560e-04</temperature>
         <eens>  1.42145461e+00</eens>
         <hamiltonian_weights shape='(2)'> [   1.00000000e+00,   1.00000000e+00 ] </hamiltonian_weights>
         <time>  2.06706865e+06</time>
      </ensemble>
      <motion mode='dynamics'>
         <dynamics mode='nvt'>
            <thermostat mode='langevin'>
               <ethermo> -1.18356705e+00</ethermo>
               <tau>  4.13413730e+03</tau>
            </thermostat>
            <timestep>  2.06706865e+01</timestep>
            <nmts shape='(1)'> [ 1 ] </nmts>
         </dynamics>
      </motion>
      <beads natoms='40' nbeads='1'>
         <q shape='(1, 120)'>
          [   2.54278521e+00,   7.56474554e+00,   2.42906617e+00,   9.48175061e+00,   2.12041362e+01, 
              2.98753772e+00,   3.75499947e+00,   1.57632806e+01,   7.77886595e+00,  -3.68441808e+00, 
              2.25293502e+00,   6.65609843e+00,   3.10081517e+00,   7.67833542e+00,   4.22861603e-01, 
              8.68011922e+00,   2.08640580e+01,   4.93391772e+00,   3.03896221e+00,   1.55894665e+01, 
              9.80916073e+00,  -2.75293515e+00,   2.91899782e+00,   4.78290159e+00,   2.44690518e+00, 
              5.76844946e+00,   3.06995889e+00,   8.15511107e+00,   2.06469908e+01,   1.65228327e+00, 
              3.94276000e+00,   1.77679941e+01,   7.69280544e+00,  -2.28004574e+00,   2.50030171e+00, 
              8.13836563e+00,   3.99433730e+00,   8.38210942e+00,   3.43689062e+00,   9.84328262e+00, 
              2.31481562e+01,   2.82084875e+00,   2.34293590e+00,   1.51484980e+01,   6.45665634e+00, 
             -3.99431395e+00,   3.24043546e-01,   6.51383634e+00,   1.62846166e-01,   8.92558285e+00, 
              2.61850416e+00,   1.20311202e+01,   1.99752029e+01,   2.41199931e+00,   6.17301810e+00, 
              1.45096693e+01,   7.29868167e+00,  -6.08092890e+00,   3.67341380e+00,   7.34602957e+00, 
             -1.09514863e+00,   8.47447849e+00,   1.04270829e+00,   1.18653465e+01,   1.80176674e+01, 
              2.93115018e+00,   7.49616225e+00,   1.50832486e+01,   8.76569979e+00,  -5.81549947e+00, 
              5.72684019e+00,   7.41272224e+00,   5.67979692e-01,   1.09862835e+01,   2.61553595e+00, 
              3.40217766e+00,   2.08566295e+01,   3.68472714e+00,   6.05959572e+00,   1.24321052e+01, 
              7.26013530e+00,   2.32838622e+00,   2.97342137e+00,   5.88006682e+00,  -1.05910968e+00, 
              8.33411254e+00,   5.17025417e+00,   9.43892515e+00,   2.04407836e+01,   8.84855347e+00, 
              7.22210248e+00,   1.51382878e+01,   4.63431419e+00,  -3.37118887e+00,   3.13076549e+00, 
              8.52307457e-01,   4.53421828e-01,   7.48494729e+00,   6.87458645e+00,   7.63132620e+00, 
              2.04564890e+01,   7.14867641e+00,   5.56732423e+00,   1.58051555e+01,   2.95027662e+00, 
             -1.83651010e+00,   3.76423586e+00,   2.61219711e+00,  -3.34504429e+00,   8.70451640e+00, 
              5.36733098e+00,   1.84913439e+00,   2.07146256e+01,   8.51928802e+00,   9.53633065e+00, 
              1.49588258e+01,   4.22072296e+00,   4.32779378e+00,   2.17345551e+00,   1.26545493e+00 ]
         </q>
         <p shape='(1, 120)'>
          [  -2.12092635e+00,  -3.18365739e+00,   4.36120420e+00,  -5.42924376e+00,  -1.14465446e+00, 
              5.66402275e+00,   5.48611835e+00,  -3.29585451e+00,   1.85803117e+00,  -4.65042509e+00, 
             -8.09147915e+00,   4.59395333e+00,  -7.95321708e-01,  -4.91522388e-01,   6.21954499e-01, 
              5.94211057e-02,  -6.60146126e-01,   7.86199090e-01,   5.66491009e-01,  -1.54698630e+00, 
             -7.29971229e-01,  -4.45639750e-01,   2.09736886e-01,   1.91299753e+00,   6.45694142e-01, 
             -7.99576965e-01,  -4.22482989e-01,  -1.79713038e+00,  -7.06440481e-01,  -1.92823049e+00, 
             -3.55386067e-01,   1.14821092e+00,   4.08801292e-01,  -7.16435106e-02,   7.61339172e-01, 
              1.51080293e+00,  -1.92359822e+00,  -9.88057464e-01,   3.53378882e-01,  -1.41744441e+00, 
              1.91259688e+00,  -3.74104649e-01,   2.35943539e-01,   1.13998676e+00,  -1.09925672e+00, 
              6.76274830e-01,   1.35379454e+00,   1.71407696e+00,  -5.57848274e+00,   1.87538316e+00, 
              2.15075409e+00,   4.93837570e+00,   6.07146932e+00,   1.63337891e+00,  -6.29384518e+00, 
              7.32200034e+00,   5.30852837e+00,  -3.88155341e+00,  -3.11349968e+00,   8.71383960e+00, 
             -1.21446465e+00,  -7.07235803e-01,  -6.07282011e-01,   2.30675416e+00,   3.86117207e-01, 
              1.31922263e+00,  -1.42881072e+00,  -2.53637192e-01,   1.03472882e+00,   1.28232947e+00, 
             -1.85752394e+00,  -7.45475784e-01,  -7.27488352e-01,   6.76878104e-01,   1.32795581e-01, 
              5.69349419e-01,   1.71391856e+00,  -3.01048107e+00,   3.49034111e+00,  -9.18198164e-01, 
             -5.45652689e-01,   3.51957082e+00,   8.48723875e-01,  -1.22989178e+00,  -6.20913219e+00, 
              4.77819030e+00,  -1.02817857e+01,  -2.51663839e+00,   7.33883712e+00,   2.52565844e+00, 
              1.15671196e+01,   1.80449729e+00,  -2.77681645e+00,  -5.47936368e+00,  -2.43925787e-01, 
             -2.50917430e+00,  -7.38635865e-02,  -2.94971425e+00,  -5.63773140e+00,  -7.28534435e+00, 
             -5.41364738e+00,  -1.45274170e+01,   7.62234115e+00,   9.64493584e+00,   2.80868856e+00, 
              1.44310744e+01,  -5.93319206e+00,   3.17060693e+00,  -3.41292231e+00,  -7.10502865e+00, 
             -7.68821521e+00,  -1.76011849e+00,  -2.30847095e+00,   7.17734626e+00,   5.60326476e+00, 
             -4.75442827e+00,  -3.04498403e+00,   1.86832368e+00,   7.48026109e+00,  -2.60201728e+00 ]
         </p>
         <m shape='(40)'>
          [   2.55327253e+04,   2.55327253e+04,   2.55327253e+04,   2.55327253e+04,   1.83736223e+03, 
              1.83736223e+03,   1.83736223e+03,   1.83736223e+03,   1.83736223e+03,   1.83736223e+03, 
              1.83736223e+03,   1.83736223e+03,   1.83736223e+03,   1.83736223e+03,   1.83736223e+03, 
              1.83736223e+03,   2.18941669e+04,   2.18941669e+04,   2.18941669e+04,   2.18941669e+04, 
              1.83736223e+03,   1.83736223e+03,   1.83736223e+03,   1.83736223e+03,   1.83736223e+03, 
              1.83736223e+03,   1.83736223e+03,   1.83736223e+03,   2.18941669e+04,   2.18941669e+04, 
              2.18941669e+04,   2.18941669e+04,   2.91651223e+04,   2.91651223e+04,   2.91651223e+04, 
              2.91651223e+04,   2.91651223e+04,   2.91651223e+04,   2.91651223e+04,   2.91651223e+04 ]
         </m>
         <names shape='(40)'>
          [ N, N, N, N, H, 
            H, H, H, H, H, 
            H, H, H, H, H, 
            H, C, C, C, C, 
            H, H, H, H, H, 
            H, H, H, C, C, 
            C, C, O, O, O, 
            O, O, O, O, O ]
         </names>
      </beads>
      <cell shape='(3, 3)'>
       [   9.87003942e+00,   1.43888308e-15,  -3.53618024e+00,   0.00000000e+00,   2.34987441e+01, 
           8.16916125e-16,   0.00000000e+00,   0.00000000e+00,   9.14521058e+00 ]
      </cell>
   </system>
</simulation>
