<simulation verbosity='high'>
   <prng>
      <seed>4441</seed>
      <state shape='(624)'>
       [ 3833331107, 946369312, 936821918, 3768190417, 374144033, 
         2508771829, 1698119819, 1655979497, 517436462, 3971727329, 
         966995223, 2108642652, 4221940051, 3974721639, 4270010592, 
         943261307, 2743325642, 3961930264, 3282015101, 2265622812, 
         4179221775, 2106627535, 2877455635, 2649017838, 218573029, 
         507281587, 1148973384, 3127586760, 3787076071, 2509933046, 
         747699700, 1479959716, 1577625678, 3662163911, 4259243455, 
         683403162, 1362739024, 844388704, 2696295512, 1809281907, 
         1084073985, 2832415158, 4218704351, 1002690321, 2525765409, 
         2189109079, 2007236145, 2547229596, 1048744205, 2591228200, 
         4226468901, 1140592239, 3812667523, 3556433797, 4090839413, 
         73849185, 2375840626, 3138687515, 2440562366, 569000726, 
         282677966, 627588974, 3602423195, 3713049086, 4012328432, 
         350663902, 3317625389, 1865274030, 1691856896, 2603138075, 
         2893143679, 1774117218, 1975015677, 1102122425, 4126337235, 
         1233708752, 1792099164, 3143271409, 554628040, 2476013057, 
         1623124192, 3324653377, 2130294465, 3224426154, 3714028449, 
         4044050592, 3130152386, 110119538, 454964390, 678790383, 
         2783771533, 385125270, 2214544434, 718507746, 2517641384, 
         882787553, 2401406701, 957838156, 2344635459, 2329203410, 
         3550563598, 3635986891, 2566185418, 1298329254, 3530090065, 
         3674320313, 312067875, 962163034, 1688045346, 3444165710, 
         2416874497, 2636406510, 478674331, 2795587743, 1566804550, 
         3631505401, 2038665020, 3584382169, 4169217988, 4133080123, 
         2901696868, 1215275204, 3917386367, 989084612, 1917665464, 
         2055630745, 748539651, 1397482324, 3079154786, 774704212, 
         2570089987, 92388958, 1590850297, 1442452713, 674461186, 
         103565870, 2671439734, 3730119969, 2859460300, 2952151451, 
         16764546, 2410800766, 1309855468, 2248581516, 2608062733, 
         1357941947, 1040790290, 3507723568, 1633177047, 2438079559, 
         3900102754, 2772267560, 2743823204, 1288845446, 718804518, 
         2023337113, 1583385786, 2302925798, 1255536129, 3844080801, 
         1327621091, 2345849356, 2319276496, 3520253761, 1847781119, 
         1740244685, 884936698, 1045124779, 4281628897, 2564012177, 
         1901618402, 3830656335, 404329937, 783924881, 628254959, 
         3662233623, 1403593784, 3218857469, 1778659884, 373058555, 
         2883925556, 344384430, 194787710, 570184957, 4035018807, 
         2901535773, 773055138, 3471907075, 3908474226, 1215431883, 
         518135305, 4201958912, 145713228, 2455205248, 1222361541, 
         2273077484, 4275863339, 3051040757, 1173507893, 693817494, 
         3735809590, 3143663311, 1051801126, 1685865466, 2854118747, 
         4138692554, 817501400, 301661887, 4054010090, 3319857, 
         332255016, 1310278368, 2889197780, 1408383617, 1815141106, 
         4200671390, 2203610686, 1246849838, 2727882471, 1577470192, 
         1345991824, 3133816118, 3479875635, 1965698925, 2945090104, 
         850316600, 1434141100, 3759190983, 3175073881, 3266176600, 
         4020900397, 2020997277, 2732710581, 2348238698, 363671893, 
         4195361559, 1541925838, 2510347671, 740993207, 3120669356, 
         2563295746, 2496849445, 3866278867, 1187614736, 3647546432, 
         3512232074, 1124752373, 1859181088, 3719318642, 1406637175, 
         330849392, 3127747198, 3971989223, 4272607878, 3986953050, 
         3523829403, 4131862127, 2777484825, 1940232453, 3513452619, 
         4187094916, 512301045, 1702398531, 3345096909, 1488605707, 
         2018349245, 3003116671, 2778229858, 2368170575, 2601556501, 
         2078146391, 1524157212, 653079497, 1846792138, 426744596, 
         1918511944, 2990645402, 2762494600, 4037880895, 4234385118, 
         322742821, 1573744398, 777947337, 3767755879, 465262183, 
         3353069393, 599807660, 3280570328, 955191073, 688771533, 
         2966763956, 1521219286, 3108575932, 3983254480, 1298524586, 
         2562233378, 4276783775, 2326293841, 2577520166, 824496556, 
         3784032360, 1380838878, 2224590351, 1186532048, 3955397810, 
         2166055380, 1516753870, 2647175815, 3842444215, 2755534289, 
         3409683635, 2688041354, 1521725914, 4020423921, 657820769, 
         1336529435, 4082273967, 1675401736, 394579588, 4111386294, 
         2267378347, 886065772, 1302125700, 2952884372, 3176804625, 
         3367460572, 965361352, 953711452, 3305697226, 3468165591, 
         2078555144, 2298052108, 27958455, 1050982995, 503379161, 
         1719838389, 2083210560, 4266586559, 3928281867, 1419009066, 
         2795534953, 2963418743, 232695039, 1558622892, 1859073619, 
         2739846994, 319863180, 3512728542, 1295102490, 2784086846, 
         2240036661, 2841538427, 2549795856, 2647120927, 272976103, 
         3379800799, 713443508, 4087529796, 1691906877, 837638279, 
         2735564976, 2944660676, 2613598628, 1121777342, 2575275653, 
         830476974, 797668006, 3616089061, 1906659059, 2344480925, 
         2746520611, 151702668, 4191824881, 1730334375, 3307056062, 
         2770927615, 158345372, 3739040362, 2413588459, 3991128459, 
         2672437647, 551513148, 3456916512, 3480677663, 119102890, 
         2878173758, 1387399729, 3608108958, 2628664109, 938449543, 
         3096920601, 404894157, 3566346517, 2985582897, 1061373765, 
         3322966195, 127396241, 2844816776, 688684002, 1614752312, 
         2742912513, 2653573038, 914243949, 1978834042, 507428057, 
         2934015409, 923573943, 3054822422, 865996202, 1117948349, 
         1812617223, 2369920642, 1452981804, 926299783, 2024588733, 
         1955847604, 2519256316, 4206012879, 2393708514, 3717868441, 
         4163199165, 833027760, 882231367, 2954846560, 323997715, 
         1932505334, 1378218872, 1901365850, 1272504832, 692014768, 
         4054218206, 523867164, 3884408342, 18864123, 3389443042, 
         2073122226, 3354069675, 1197893892, 3937698621, 3520510158, 
         1520562853, 502895360, 2021079856, 1905064906, 1899807780, 
         3052868058, 3927806266, 1174136004, 325050692, 1071306850, 
         261628865, 3355257931, 2403613033, 1331258001, 36061283, 
         882178485, 1367945076, 153663304, 1895726084, 2738027107, 
         2481305871, 1942836493, 2096213304, 2587797957, 2643474146, 
         3367271990, 2774144436, 3387579165, 3838585194, 2447412793, 
         2250941450, 2840346638, 586548917, 1377611630, 3079274796, 
         2730656021, 3574820120, 1168840812, 624584356, 3483148164, 
         1870360000, 410899309, 716471208, 3515992104, 2159120536, 
         4284091138, 106603381, 3390693040, 3309488393, 4217328945, 
         4245924968, 659500634, 3482735970, 1063519432, 3257968378, 
         3490586230, 3560460411, 3055203675, 1767039258, 3101884148, 
         540238512, 497222153, 1547871338, 3473783400, 1660312737, 
         3123368190, 1068903709, 3820145155, 3404591282, 3708587640, 
         7915344, 3072666683, 447629046, 3741710661, 1366394183, 
         3725093718, 1546838347, 226250040, 1639330591, 1583350102, 
         822366139, 3734490611, 3010789588, 3803996079, 4082161544, 
         1074182539, 52120073, 569190257, 1778013402, 1070449063, 
         129191442, 270086515, 2482652633, 3584410417, 1192495326, 
         703914046, 1446652868, 2938424822, 833036818, 2694148863, 
         3848235572, 2472168240, 3380801492, 1143900460, 3422307936, 
         115510727, 2343642063, 3253317641, 553245669, 3859300499, 
         2119231453, 1115210938, 3135191543, 3793349089, 4231813475, 
         2189615057, 1250480522, 3133579079, 797442789, 3736269005, 
         2907159580, 137724909, 670368681, 1937581076, 1064432279, 
         2350179564, 360761749, 4073246555, 1355731449, 2985161294, 
         3621870090, 717981710, 665075505, 27363717, 1165906596, 
         52047084, 1772155136, 40939220, 3422725683, 691345236, 
         2773826593, 1223015150, 629192880, 2601235851, 112333571, 
         3230887063, 867562206, 2404974626, 2625486755, 4163621564, 
         2814674372, 3661348010, 3492231509, 2122231168, 1796596008, 
         3350149763, 2034606263, 2160791335, 2976441153, 1192834817, 
         4164390145, 1787930917, 2176098522, 185872168, 734423296, 
         4289873740, 254777699, 627076928, 508778977, 2348341613, 
         3843023388, 357699424, 2077792448, 962518290, 1928203391, 
         3131696520, 1238680830, 4055696852, 2412735494, 315216381, 
         3608170556, 3103507545, 1766884914, 2896340895 ]
      </state>
      <set_pos>4</set_pos>
   </prng>
   <output prefix='simulation'>
      <properties shape='(6)' stride='10'>
       [ step, time{picosecond}, potential{electronvolt}, conserved, temperature{kelvin}, 
         ensemble_temperature{kelvin} ]
      </properties>
      <trajectory filename='pos' stride='10'>positions</trajectory>
      <trajectory filename='frc' stride='10'>forces</trajectory>
      <checkpoint stride='1000' overwrite='False'>81</checkpoint>
   </output>
   <step>80000</step>
   <total_steps>80000</total_steps>
   <total_time>  2.50000000e+05</total_time>
   <ffsocket mode='unix' name='driver-dftb'>
      <address>dftb-nvt-gb</address>
   </ffsocket>
   <ffsocket mode='unix' name='driver-gap'>
      <address>gapd-nvt-gb</address>
   </ffsocket>
   <system>
      <forces>
         <force forcefield='driver-dftb'>
         </force>
         <force forcefield='driver-gap'>
         </force>
      </forces>
      <ensemble>
         <temperature>  9.50044560e-04</temperature>
         <eens>  3.63296097e+01</eens>
         <hamiltonian_weights shape='(2)'> [   1.00000000e+00,   1.00000000e+00 ] </hamiltonian_weights>
         <time>  1.65365492e+06</time>
      </ensemble>
      <motion mode='dynamics'>
         <dynamics mode='nvt'>
            <thermostat mode='langevin'>
               <ethermo> -8.86519812e+01</ethermo>
               <tau>  4.13413730e+03</tau>
            </thermostat>
            <timestep>  2.06706865e+01</timestep>
            <nmts shape='(1)'> [ 1 ] </nmts>
         </dynamics>
      </motion>
      <beads natoms='20' nbeads='32'>
         <q shape='(32, 60)'>
          [   8.46786653e+00,   6.58892175e+00,   1.91639695e+00,  -2.85725967e+00,   1.25571567e+01, 
              7.94419144e+00,   8.93395566e+00,   7.20080941e+00,   5.58460531e-02,  -3.39732207e+00, 
              1.24666633e+01,   9.93888896e+00,   9.32842178e+00,   4.91742889e+00,   2.16559238e+00, 
             -3.50899403e+00,   1.07863467e+01,   7.25576228e+00,  -3.19784598e-01,   7.69538204e+00, 
              3.00732500e+00,   5.98625449e+00,   1.38735447e+01,   6.67409825e+00,   5.66647882e+00, 
              6.72211388e+00,   2.63634364e+00,  -9.06140771e-02,   1.15973371e+00,   7.31040387e+00, 
              4.84072934e+00,   5.32547934e+00,   1.15056446e+00,   1.13921523e+00,   1.21495456e+01, 
              8.70523546e+00,   5.16183723e+00,   8.72968529e+00,   2.22474259e+00,   2.63656056e-01, 
              3.21102298e+00,   7.36511033e+00,   5.17652350e+00,   6.03831763e+00,   5.32335659e+00, 
              6.32790508e-01,   1.42961217e-01,   4.64343991e+00,   5.64727584e+00,   7.76244931e+00, 
              7.00686051e+00,   5.81379091e-01,   1.61615142e+00,   2.61282692e+00,   4.31889946e+00, 
              3.84966527e+00,   5.83346762e+00,   1.50679084e+00,  -1.93267427e+00,   4.51664874e+00, 
              8.50183278e+00,   6.54747807e+00,   1.95747404e+00,  -2.83936285e+00,   1.26084895e+01, 
              7.88945404e+00,   8.52773772e+00,   7.19074459e+00,   1.06101986e-01,  -3.22008982e+00, 
              1.25638140e+01,   9.95490812e+00,   9.24413933e+00,   4.94612606e+00,   2.22081308e+00, 
             -3.46578481e+00,   1.08931057e+01,   7.23303503e+00,  -1.46891384e-01,   7.67434441e+00, 
              3.04052649e+00,   5.90357457e+00,   1.37130377e+01,   6.98817472e+00,   5.68311985e+00, 
              6.67741873e+00,   2.64249688e+00,  -1.46891975e-01,   1.15841990e+00,   7.30204885e+00, 
              4.78678360e+00,   5.45309366e+00,   1.24393216e+00,   8.57154232e-01,   1.19675068e+01, 
              8.51043217e+00,   5.14232844e+00,   8.73333134e+00,   2.33191190e+00,   6.32690014e-02, 
              3.07763792e+00,   7.40739934e+00,   5.22872816e+00,   6.04110226e+00,   5.37688095e+00, 
              6.83694981e-01,   1.80770790e-01,   4.64504004e+00,   5.63162589e+00,   7.81997162e+00, 
              7.01684154e+00,   5.49311961e-01,   1.59198112e+00,   2.60435622e+00,   4.31905693e+00, 
              3.88436679e+00,   5.87724316e+00,   1.58429115e+00,  -1.99112316e+00,   4.43677162e+00, 
              8.50932928e+00,   6.62910760e+00,   1.96215081e+00,  -2.82840584e+00,   1.26396419e+01, 
              7.93081514e+00,   8.66938057e+00,   7.31794231e+00,   1.60635190e-01,  -3.36111500e+00, 
              1.25776926e+01,   1.00762438e+01,   9.10009550e+00,   4.78987480e+00,   2.18167690e+00, 
             -3.51131963e+00,   1.09759111e+01,   7.26136714e+00,  -3.06158853e-01,   7.59602163e+00, 
              3.17668587e+00,   6.04057842e+00,   1.37208897e+01,   6.93254130e+00,   5.73667583e+00, 
              6.63886633e+00,   2.60338739e+00,  -1.66425172e-01,   1.12107922e+00,   7.27856961e+00, 
              4.77710465e+00,   5.55660852e+00,   1.19937352e+00,   8.81241783e-01,   1.19527601e+01, 
              8.55982087e+00,   4.92082119e+00,   8.74795665e+00,   2.26860358e+00,   2.26722544e-01, 
              3.06122028e+00,   7.29176869e+00,   5.26374518e+00,   6.07839633e+00,   5.40530652e+00, 
              6.27027011e-01,   1.88002236e-01,   4.62522400e+00,   5.59491577e+00,   7.84692514e+00, 
              7.02093343e+00,   5.18875171e-01,   1.63912068e+00,   2.61972572e+00,   4.33725167e+00, 
              3.88182484e+00,   5.89249787e+00,   1.59635545e+00,  -1.98969595e+00,   4.44472273e+00, 
              8.52820333e+00,   6.64321571e+00,   1.98315419e+00,  -2.82838098e+00,   1.26432404e+01, 
              7.91211254e+00,   8.71879136e+00,   7.43720127e+00,   4.60485739e-02,  -3.26277711e+00, 
              1.26009188e+01,   1.01248341e+01,   9.18951298e+00,   4.71226287e+00,   2.22833277e+00, 
             -3.41517636e+00,   1.08999985e+01,   7.32881827e+00,  -3.47730036e-01,   7.78269450e+00, 
              3.13354029e+00,   5.99606244e+00,   1.37195284e+01,   7.05830861e+00,   5.81129534e+00, 
              6.64127991e+00,   2.55838664e+00,  -2.13500011e-01,   1.12611944e+00,   7.30768759e+00, 
              4.67170923e+00,   5.40698762e+00,   1.25086683e+00,   8.97007205e-01,   1.19598935e+01, 
              8.75644837e+00,   4.83902833e+00,   8.51142786e+00,   2.30522281e+00,   5.92682617e-02, 
              3.27546254e+00,   7.35856391e+00,   5.24454453e+00,   6.05093149e+00,   5.40889223e+00, 
              6.09731419e-01,   2.01741967e-01,   4.61541585e+00,   5.61937490e+00,   7.79530755e+00, 
              7.05985535e+00,   5.92913267e-01,   1.61184209e+00,   2.61428792e+00,   4.30893495e+00, 
              3.87909615e+00,   5.91468366e+00,   1.61918116e+00,  -1.97550015e+00,   4.44220943e+00, 
              8.54295694e+00,   6.65307165e+00,   1.96475747e+00,  -2.88081043e+00,   1.26674597e+01, 
              7.99138374e+00,   8.69495522e+00,   7.31965199e+00,   4.40002386e-02,  -3.10022253e+00, 
              1.25161975e+01,   1.00715019e+01,   9.26487491e+00,   4.65310509e+00,   2.26740897e+00, 
             -3.48997632e+00,   1.09260019e+01,   7.44994482e+00,  -8.13977443e-01,   7.79475067e+00, 
              3.32965288e+00,   5.91992864e+00,   1.36276649e+01,   7.01387123e+00,   5.82060607e+00, 
              6.62040799e+00,   2.61821831e+00,  -2.00474553e-01,   1.14520239e+00,   7.24455666e+00, 
              4.68109082e+00,   5.39546043e+00,   1.48401879e+00,   9.15050712e-01,   1.21981209e+01, 
              8.82906069e+00,   4.95964943e+00,   8.39855209e+00,   2.35013814e+00,   2.68826522e-01, 
              3.29356027e+00,   7.34970762e+00,   5.18831653e+00,   6.03359156e+00,   5.39994970e+00, 
              5.90297250e-01,   1.90777273e-01,   4.62118720e+00,   5.69589290e+00,   7.74606513e+00, 
              7.02416187e+00,   5.83185005e-01,   1.67738347e+00,   2.64288960e+00,   4.27187457e+00, 
              3.84510676e+00,   5.94780967e+00,   1.59136518e+00,  -2.06371006e+00,   4.49053825e+00, 
              8.57472221e+00,   6.63076037e+00,   1.96327004e+00,  -2.89162747e+00,   1.26852138e+01, 
              7.99016219e+00,   8.84075085e+00,   7.19328198e+00,   3.62630308e-02,  -2.98956732e+00, 
              1.26776561e+01,   1.01407856e+01,   9.09779279e+00,   4.72062557e+00,   2.18031340e+00, 
             -3.37900301e+00,   1.11254721e+01,   7.40192134e+00,  -6.44686916e-01,   7.84610269e+00, 
              3.12080243e+00,   5.82230915e+00,   1.37228651e+01,   7.16064259e+00,   5.87196715e+00, 
              6.70440432e+00,   2.60775379e+00,  -1.83273520e-01,   1.16225552e+00,   7.25471082e+00, 
              4.64199417e+00,   5.24973591e+00,   1.39508100e+00,   9.45970795e-01,   1.20005951e+01, 
              8.57308701e+00,   4.93537445e+00,   8.41122445e+00,   2.22530227e+00,   1.58037534e-01, 
              3.32948243e+00,   7.04444134e+00,   5.18483501e+00,   6.00641462e+00,   5.35181055e+00, 
              5.85796819e-01,   1.72684276e-01,   4.65290915e+00,   5.73606708e+00,   7.71057942e+00, 
              7.07535019e+00,   5.64573849e-01,   1.65690550e+00,   2.66344758e+00,   4.28290329e+00, 
              3.85323340e+00,   5.90192117e+00,   1.56533520e+00,  -2.02215591e+00,   4.47576885e+00, 
              8.62164186e+00,   6.66002888e+00,   1.96731290e+00,  -2.88366220e+00,   1.27543093e+01, 
              7.92376683e+00,   8.88896555e+00,   7.25610184e+00,  -9.48591897e-02,  -2.99002096e+00, 
              1.27067774e+01,   1.03651119e+01,   9.22103234e+00,   4.91493961e+00,   2.13572492e+00, 
             -3.31271788e+00,   1.10216596e+01,   7.37104616e+00,  -8.06218397e-01,   7.93915618e+00, 
              3.09717024e+00,   5.82886244e+00,   1.36693464e+01,   7.28105365e+00,   5.88777080e+00, 
              6.75418172e+00,   2.59653563e+00,  -1.54421049e-01,   1.15097084e+00,   7.23677917e+00, 
              4.74825456e+00,   5.20230692e+00,   1.53515260e+00,   6.99747311e-01,   1.19439815e+01, 
              8.42957876e+00,   5.02006405e+00,   8.40768928e+00,   2.26892119e+00,   2.49364368e-01, 
              3.01856678e+00,   7.22945253e+00,   5.16868751e+00,   6.02387355e+00,   5.35470812e+00, 
              5.82182944e-01,   2.03752423e-01,   4.65030720e+00,   5.64497709e+00,   7.72296100e+00, 
              7.07440926e+00,   5.40092809e-01,   1.65698851e+00,   2.67902541e+00,   4.30792626e+00, 
              3.86252622e+00,   5.89163736e+00,   1.53559579e+00,  -2.01735020e+00,   4.54861445e+00, 
              8.61918872e+00,   6.67138042e+00,   1.92700861e+00,  -2.88787247e+00,   1.27842886e+01, 
              7.92115426e+00,   8.86775465e+00,   7.19148553e+00,  -1.47100922e-01,  -3.30053863e+00, 
              1.27203957e+01,   1.01912576e+01,   9.20127815e+00,   4.69102910e+00,   2.10688235e+00, 
             -3.13221283e+00,   1.08422685e+01,   7.26513417e+00,  -6.14051024e-01,   7.86541660e+00, 
              3.17884393e+00,   5.69411240e+00,   1.37530923e+01,   7.18050470e+00,   5.87101406e+00, 
              6.74257549e+00,   2.64452359e+00,  -1.47175796e-01,   1.14238919e+00,   7.28887079e+00, 
              4.83911829e+00,   5.16830388e+00,   1.56333837e+00,   7.49703856e-01,   1.21073995e+01, 
              8.53985908e+00,   5.15549828e+00,   8.59428713e+00,   2.31514558e+00,   4.28881153e-01, 
              2.95874614e+00,   7.36061150e+00,   5.19642858e+00,   5.94548798e+00,   5.35980278e+00, 
              4.94106830e-01,   1.82861901e-01,   4.58571533e+00,   5.62327049e+00,   7.69526074e+00, 
              7.11331269e+00,   5.59744135e-01,   1.68223524e+00,   2.64960162e+00,   4.33408222e+00, 
              3.88231892e+00,   5.86132429e+00,   1.49612234e+00,  -2.05069551e+00,   4.53837770e+00, 
              8.63237035e+00,   6.68063302e+00,   1.89032157e+00,  -2.84256518e+00,   1.27787404e+01, 
              7.95844967e+00,   9.01377054e+00,   7.20740928e+00,  -1.01156907e-01,  -3.30294354e+00, 
              1.26576421e+01,   1.00935667e+01,   9.23699851e+00,   4.68537166e+00,   2.30604585e+00, 
             -3.31655237e+00,   1.09341223e+01,   7.32175513e+00,  -4.69953515e-01,   8.21471217e+00, 
              3.05624860e+00,   5.71781838e+00,   1.38194303e+01,   7.18881925e+00,   5.90374680e+00, 
              6.75091484e+00,   2.58962749e+00,  -1.76919440e-01,   1.25408957e+00,   7.25669228e+00, 
              4.71030589e+00,   5.37348214e+00,   1.44389217e+00,   9.78506488e-01,   1.21535741e+01, 
              8.41922690e+00,   5.10637739e+00,   8.65919130e+00,   2.28030641e+00,   5.65659544e-01, 
              3.04512630e+00,   7.44405974e+00,   5.09714478e+00,   5.96900065e+00,   5.36212674e+00, 
              4.94540525e-01,   1.82053717e-01,   4.50049547e+00,   5.66568610e+00,   7.71616866e+00, 
              7.13303285e+00,   5.20450817e-01,   1.65241836e+00,   2.64540408e+00,   4.36808924e+00, 
              3.91079336e+00,   5.84244413e+00,   1.49361126e+00,  -2.07604567e+00,   4.50638039e+00, 
              8.62523064e+00,   6.66886416e+00,   1.92872572e+00,  -2.82023722e+00,   1.27613307e+01, 
              7.87944355e+00,   9.02094547e+00,   7.10334927e+00,  -9.42883154e-02,  -3.32397033e+00, 
              1.25833520e+01,   1.00705637e+01,   9.28928208e+00,   4.59753258e+00,   2.45123716e+00, 
             -3.29916402e+00,   1.09378494e+01,   7.43857690e+00,  -3.30988335e-01,   8.17326976e+00, 
              3.14746185e+00,   5.82945489e+00,   1.39938924e+01,   7.21392348e+00,   5.87850377e+00, 
              6.79566825e+00,   2.64397268e+00,  -1.46517081e-01,   1.18394058e+00,   7.21231048e+00, 
              4.57683888e+00,   5.43938743e+00,   1.36423851e+00,   1.14250537e+00,   1.22186228e+01, 
              8.45427839e+00,   5.12074272e+00,   8.62083648e+00,   2.49828646e+00,   2.79809382e-01, 
              3.24533349e+00,   7.53255501e+00,   5.09949285e+00,   5.97787796e+00,   5.38123359e+00, 
              4.96515177e-01,   2.34456108e-01,   4.47234779e+00,   5.70282773e+00,   7.66836804e+00, 
              7.11186601e+00,   5.22540187e-01,   1.70641736e+00,   2.65153100e+00,   4.37657331e+00, 
              3.86082789e+00,   5.80877146e+00,   1.52941169e+00,  -2.09502375e+00,   4.47799246e+00, 
              8.62352995e+00,   6.64888626e+00,   1.84999470e+00,  -2.78013268e+00,   1.27071307e+01, 
              7.87713163e+00,   8.90705020e+00,   7.14673552e+00,  -7.30216086e-02,  -3.03093000e+00, 
              1.26712433e+01,   1.01283919e+01,   9.34946393e+00,   4.77435645e+00,   2.38173613e+00, 
             -3.23070429e+00,   1.10342174e+01,   7.45490877e+00,  -3.45080084e-01,   7.96410972e+00, 
              2.99602168e+00,   5.92368942e+00,   1.40572983e+01,   7.28210206e+00,   5.83566312e+00, 
              6.77580451e+00,   2.61451127e+00,  -1.13228794e-01,   1.18552091e+00,   7.24163252e+00, 
              4.62217839e+00,   5.60227316e+00,   1.54397239e+00,   1.18960118e+00,   1.22033157e+01, 
              8.55693468e+00,   5.22743382e+00,   8.64081453e+00,   2.43712532e+00,   1.57211066e-01, 
              3.09680106e+00,   7.42976785e+00,   5.09044892e+00,   5.98959234e+00,   5.39336177e+00, 
              5.04441222e-01,   2.08156801e-01,   4.50455382e+00,   5.66204350e+00,   7.69421276e+00, 
              7.10271781e+00,   5.30435982e-01,   1.70263358e+00,   2.58555070e+00,   4.37558505e+00, 
              3.83698432e+00,   5.83874604e+00,   1.58055195e+00,  -2.08400146e+00,   4.49489580e+00, 
              8.60265160e+00,   6.65888389e+00,   1.87637298e+00,  -2.78983872e+00,   1.27020444e+01, 
              7.91864770e+00,   8.95195325e+00,   7.23164962e+00,  -2.70731207e-01,  -2.87961534e+00, 
              1.26184325e+01,   1.00010031e+01,   9.22444272e+00,   4.87348236e+00,   2.03187346e+00, 
             -3.22267421e+00,   1.09998196e+01,   7.26890404e+00,  -1.28969933e-01,   8.11643426e+00, 
              2.99783028e+00,   5.69702899e+00,   1.40798256e+01,   7.20694081e+00,   5.80975952e+00, 
              6.83443757e+00,   2.68210118e+00,  -9.94738348e-02,   1.19702172e+00,   7.17954411e+00, 
              4.57266395e+00,   5.71595894e+00,   1.29413174e+00,   1.27529907e+00,   1.22306614e+01, 
              8.46945428e+00,   5.19647116e+00,   8.63195527e+00,   2.56138628e+00,   1.51868033e-01, 
              3.43387884e+00,   7.29929431e+00,   5.10797537e+00,   5.95529743e+00,   5.39065817e+00, 
              5.31031496e-01,   1.59330299e-01,   4.49296937e+00,   5.62219020e+00,   7.64230945e+00, 
              7.06425273e+00,   5.21680860e-01,   1.74606425e+00,   2.58443873e+00,   4.37306052e+00, 
              3.84678340e+00,   5.84531656e+00,   1.60953879e+00,  -2.11643531e+00,   4.45177472e+00, 
              8.63145168e+00,   6.70526810e+00,   1.87129772e+00,  -2.78940133e+00,   1.26915292e+01, 
              7.92576874e+00,   9.05522301e+00,   7.35564338e+00,  -3.11802439e-01,  -2.77038026e+00, 
              1.25132583e+01,   9.86109769e+00,   9.29845480e+00,   4.68323044e+00,   2.09378915e+00, 
             -3.18079509e+00,   1.10466606e+01,   7.48548361e+00,  -2.55632478e-01,   8.22815799e+00, 
              2.81548601e+00,   5.81759582e+00,   1.40081576e+01,   7.17899975e+00,   5.81036460e+00, 
              6.79950775e+00,   2.66091224e+00,  -1.39182147e-01,   1.16476171e+00,   7.17516230e+00, 
              4.42523119e+00,   5.74601898e+00,   1.32627301e+00,   1.24239281e+00,   1.23740817e+01, 
              8.40443288e+00,   5.31305387e+00,   8.81215969e+00,   2.56365956e+00,   1.98124641e-01, 
              3.19172029e+00,   7.35334964e+00,   5.11882145e+00,   5.99047643e+00,   5.37709065e+00, 
              5.58302389e-01,   1.60161142e-01,   4.44163616e+00,   5.60004773e+00,   7.61045733e+00, 
              7.07357181e+00,   5.39027389e-01,   1.78817434e+00,   2.55437900e+00,   4.30197975e+00, 
              3.85631239e+00,   5.84618632e+00,   1.64045387e+00,  -2.12340135e+00,   4.47101471e+00, 
              8.64321887e+00,   6.72073490e+00,   1.86301955e+00,  -2.76382161e+00,   1.26387407e+01, 
              7.90724644e+00,   9.14780365e+00,   7.12029713e+00,  -1.94557035e-01,  -2.77410248e+00, 
              1.26122151e+01,   9.90615477e+00,   9.23837101e+00,   4.76209199e+00,   2.04546032e+00, 
             -2.96867588e+00,   1.07971128e+01,   7.50482558e+00,  -2.79538676e-01,   8.15853612e+00, 
              2.79231047e+00,   5.87946017e+00,   1.39854308e+01,   7.10809781e+00,   5.76694092e+00, 
              6.86034727e+00,   2.63595888e+00,  -1.08814431e-01,   1.12304596e+00,   7.18286665e+00, 
              4.66327877e+00,   5.86188943e+00,   1.25683247e+00,   1.30746795e+00,   1.22231137e+01, 
              8.53002909e+00,   5.34745335e+00,   8.97638422e+00,   2.53456422e+00,   3.93032310e-01, 
              3.19912520e+00,   7.39479400e+00,   5.15033056e+00,   5.97683535e+00,   5.33657532e+00, 
              5.40465186e-01,   1.65404103e-01,   4.43098764e+00,   5.59156464e+00,   7.58184887e+00, 
              7.05235973e+00,   5.80747605e-01,   1.80683303e+00,   2.60464476e+00,   4.26410573e+00, 
              3.87694137e+00,   5.85409088e+00,   1.67320828e+00,  -2.04728489e+00,   4.39260327e+00, 
              8.61803820e+00,   6.70882537e+00,   1.85334556e+00,  -2.81353299e+00,   1.26227433e+01, 
              7.94349056e+00,   9.12918403e+00,   7.18404429e+00,  -1.10900282e-02,  -2.90741108e+00, 
              1.27484118e+01,   1.00490785e+01,   9.16848391e+00,   4.79117428e+00,   2.18355757e+00, 
             -3.11886661e+00,   1.06189257e+01,   7.45534547e+00,  -3.21777405e-01,   8.13638133e+00, 
              2.87258144e+00,   5.70936978e+00,   1.38846439e+01,   7.09067138e+00,   5.71551835e+00, 
              6.80481021e+00,   2.64128287e+00,  -1.00283054e-01,   1.15462543e+00,   7.15377163e+00, 
              4.73769316e+00,   5.89438903e+00,   1.24871047e+00,   1.28569035e+00,   1.23636190e+01, 
              8.75699399e+00,   5.39062129e+00,   8.94783766e+00,   2.56964987e+00,   3.73736379e-01, 
              3.29125956e+00,   7.57054667e+00,   5.15209709e+00,   5.94292826e+00,   5.27478247e+00, 
              5.55313794e-01,   1.46478076e-01,   4.46616804e+00,   5.61224037e+00,   7.58907451e+00, 
              7.07625430e+00,   5.88112545e-01,   1.80106648e+00,   2.61202640e+00,   4.21576074e+00, 
              3.89379577e+00,   5.83612987e+00,   1.63698264e+00,  -2.08229880e+00,   4.44832363e+00, 
              8.59111792e+00,   6.75820850e+00,   1.81525125e+00,  -2.82297072e+00,   1.26118950e+01, 
              7.93709514e+00,   9.28359375e+00,   7.15004422e+00,  -1.29500207e-01,  -3.12297356e+00, 
              1.31215850e+01,   1.01428242e+01,   9.04093812e+00,   4.90687637e+00,   2.23935827e+00, 
             -3.28718763e+00,   1.07546872e+01,   7.36470110e+00,  -3.66326052e-01,   7.99882694e+00, 
              2.79355717e+00,   5.75940968e+00,   1.38406627e+01,   7.10064292e+00,   5.65948200e+00, 
              6.82419515e+00,   2.65181806e+00,  -7.65241369e-02,   1.16370577e+00,   7.19544981e+00, 
              4.54568333e+00,   5.81584319e+00,   1.36041459e+00,   1.30999017e+00,   1.24270652e+01, 
              8.60932122e+00,   5.25971345e+00,   8.97709994e+00,   2.56797266e+00,   4.91230618e-01, 
              3.13819195e+00,   7.55310285e+00,   5.10074729e+00,   5.93614461e+00,   5.30720515e+00, 
              6.43948210e-01,   1.82549587e-01,   4.42138712e+00,   5.66169751e+00,   7.57571596e+00, 
              7.08452375e+00,   5.64681263e-01,   1.78507391e+00,   2.57528391e+00,   4.23526424e+00, 
              3.87630399e+00,   5.79111743e+00,   1.62317154e+00,  -2.06542631e+00,   4.48361163e+00, 
              8.60916922e+00,   6.71645467e+00,   1.89903654e+00,  -2.79917440e+00,   1.26979852e+01, 
              7.94633740e+00,   9.34292963e+00,   6.96202061e+00,  -2.87577745e-01,  -3.05220662e+00, 
              1.32726769e+01,   1.00441228e+01,   9.13059174e+00,   5.03360942e+00,   2.19940190e+00, 
             -3.21792801e+00,   1.07644926e+01,   7.39201231e+00,  -1.63092054e-01,   7.98075662e+00, 
              2.84466147e+00,   5.66237184e+00,   1.37924347e+01,   7.30033939e+00,   5.67737032e+00, 
              6.83288115e+00,   2.62901430e+00,  -1.17539499e-01,   1.11334449e+00,   7.18218204e+00, 
              4.69888614e+00,   6.10667790e+00,   1.31745085e+00,   1.18026043e+00,   1.25373484e+01, 
              8.43406008e+00,   5.14348988e+00,   8.96029762e+00,   2.69243779e+00,   6.11225722e-01, 
              3.33896122e+00,   7.56556894e+00,   5.13993083e+00,   5.98896161e+00,   5.27585056e+00, 
              6.47825333e-01,   2.07967764e-01,   4.45994313e+00,   5.66895480e+00,   7.61174544e+00, 
              7.05953059e+00,   5.76392478e-01,   1.78404451e+00,   2.65102117e+00,   4.23721783e+00, 
              3.88588820e+00,   5.72162917e+00,   1.59208515e+00,  -2.08220419e+00,   4.54478035e+00, 
              8.57048313e+00,   6.74637683e+00,   1.89641128e+00,  -2.80766318e+00,   1.26713759e+01, 
              7.97316091e+00,   9.18312216e+00,   6.93560440e+00,  -2.17868787e-01,  -2.99529434e+00, 
              1.31386203e+01,   1.00605882e+01,   9.34557269e+00,   5.07131431e+00,   2.27248446e+00, 
             -3.20500048e+00,   1.08527807e+01,   7.59121554e+00,  -3.05576690e-01,   7.84227713e+00, 
              2.88984988e+00,   5.79930183e+00,   1.36898877e+01,   7.12457962e+00,   5.74609808e+00, 
              6.79238442e+00,   2.67748774e+00,  -1.07267332e-01,   1.07281017e+00,   7.16154398e+00, 
              4.47992642e+00,   6.05725098e+00,   1.31423833e+00,   1.28162059e+00,   1.24087543e+01, 
              8.35440478e+00,   5.12646511e+00,   8.81186070e+00,   2.61017689e+00,   2.90814794e-01, 
              3.15737628e+00,   7.72258853e+00,   5.14506026e+00,   6.00387844e+00,   5.25529731e+00, 
              6.98375852e-01,   1.82152637e-01,   4.49811357e+00,   5.72348674e+00,   7.61511236e+00, 
              7.11099650e+00,   5.54981109e-01,   1.76141546e+00,   2.63001418e+00,   4.21727124e+00, 
              3.93141762e+00,   5.73313293e+00,   1.63531012e+00,  -2.05338605e+00,   4.51414739e+00, 
              8.60100400e+00,   6.71253020e+00,   1.88793515e+00,  -2.80917282e+00,   1.26960602e+01, 
              7.97992460e+00,   8.97250065e+00,   7.11978813e+00,  -3.17249748e-01,  -2.91129527e+00, 
              1.29733523e+01,   9.88136007e+00,   9.37787252e+00,   4.99118574e+00,   2.24470942e+00, 
             -3.39416221e+00,   1.08490071e+01,   7.54898277e+00,  -1.03098378e-01,   7.74478489e+00, 
              2.76342831e+00,   5.56918443e+00,   1.38881526e+01,   7.07834094e+00,   5.74111973e+00, 
              6.79924569e+00,   2.68908589e+00,  -1.24063610e-01,   1.06149718e+00,   7.18252144e+00, 
              4.64614438e+00,   6.16001165e+00,   1.42456543e+00,   1.12687861e+00,   1.23755103e+01, 
              8.55868634e+00,   5.24398790e+00,   8.77219098e+00,   2.57840351e+00,   1.58970209e-01, 
              3.03343086e+00,   7.54397204e+00,   5.12982155e+00,   5.99243351e+00,   5.28257770e+00, 
              6.13524586e-01,   1.37442356e-01,   4.47049826e+00,   5.66627534e+00,   7.61614199e+00, 
              7.09517152e+00,   4.78676238e-01,   1.73193386e+00,   2.64037066e+00,   4.20899906e+00, 
              3.91496697e+00,   5.75204100e+00,   1.60053772e+00,  -2.04777712e+00,   4.52431028e+00, 
              8.61237787e+00,   6.67184314e+00,   1.92770543e+00,  -2.81257241e+00,   1.27077953e+01, 
              7.95781054e+00,   8.98676454e+00,   7.30052198e+00,  -2.78086694e-01,  -2.98975132e+00, 
              1.30649528e+01,   9.97539450e+00,   9.12575464e+00,   5.02339461e+00,   2.34789182e+00, 
             -3.39181901e+00,   1.08654228e+01,   7.82693253e+00,   8.15464195e-02,   7.80802878e+00, 
              2.77933879e+00,   5.85886035e+00,   1.42181218e+01,   7.27522027e+00,   5.73111507e+00, 
              6.82242433e+00,   2.67964370e+00,  -7.57579654e-02,   1.03282739e+00,   7.16607633e+00, 
              4.83426429e+00,   6.06105132e+00,   1.34385650e+00,   1.27715111e+00,   1.24846812e+01, 
              8.72213788e+00,   5.31605678e+00,   8.84972680e+00,   2.64288419e+00,  -6.99337259e-03, 
              3.24988182e+00,   7.45904390e+00,   5.13076731e+00,   6.04783235e+00,   5.27809415e+00, 
              5.76597799e-01,   1.43708017e-01,   4.44397811e+00,   5.68906384e+00,   7.56913536e+00, 
              7.11337600e+00,   5.31983210e-01,   1.75100636e+00,   2.63704553e+00,   4.22662976e+00, 
              3.89465823e+00,   5.74304946e+00,   1.62818355e+00,  -1.99893155e+00,   4.49419887e+00, 
              8.64235404e+00,   6.67344032e+00,   1.92816619e+00,  -2.82471448e+00,   1.26552703e+01, 
              7.99768629e+00,   9.02698289e+00,   7.14194979e+00,  -3.89286964e-02,  -3.08499046e+00, 
              1.31657181e+01,   1.00578929e+01,   9.06003680e+00,   4.93632139e+00,   2.26546514e+00, 
             -3.47066956e+00,   1.10688203e+01,   7.59805934e+00,   1.67701275e-01,   7.86028640e+00, 
              2.81512429e+00,   5.78564551e+00,   1.42022378e+01,   7.17176673e+00,   5.81763123e+00, 
              6.81718800e+00,   2.69345750e+00,  -5.68452525e-02,   1.02533828e+00,   7.15958434e+00, 
              4.73163181e+00,   6.14472043e+00,   1.41524448e+00,   1.17258880e+00,   1.25662932e+01, 
              8.61350127e+00,   5.34624245e+00,   8.80351705e+00,   2.47237329e+00,   1.37017076e-01, 
              3.20074169e+00,   7.27726879e+00,   5.12306313e+00,   6.06657758e+00,   5.29866975e+00, 
              5.81832588e-01,   1.54794189e-01,   4.45895485e+00,   5.69176996e+00,   7.60709389e+00, 
              7.16160740e+00,   5.89746107e-01,   1.73826981e+00,   2.67839108e+00,   4.20258534e+00, 
              3.83175025e+00,   5.75204115e+00,   1.64164622e+00,  -2.00627578e+00,   4.52181801e+00, 
              8.63005378e+00,   6.69649320e+00,   1.87409197e+00,  -2.83673812e+00,   1.26658446e+01, 
              8.00118785e+00,   9.04806229e+00,   7.09805663e+00,  -1.62506667e-01,  -3.08232741e+00, 
              1.31042663e+01,   9.95519708e+00,   9.28435333e+00,   4.87947263e+00,   2.08947856e+00, 
             -3.61793049e+00,   1.09871571e+01,   7.46689976e+00,   8.46982430e-02,   7.81094608e+00, 
              2.75903234e+00,   6.01376487e+00,   1.40983257e+01,   7.26359004e+00,   5.91643591e+00, 
              6.83668964e+00,   2.65360518e+00,  -8.63291537e-02,   1.06506957e+00,   7.07902516e+00, 
              4.69415125e+00,   5.96076975e+00,   1.46569039e+00,   1.28058581e+00,   1.22363036e+01, 
              8.62308845e+00,   5.37605595e+00,   9.02697094e+00,   2.40504431e+00,   1.47817975e-01, 
              3.34091128e+00,   7.38983642e+00,   5.07154373e+00,   6.07639947e+00,   5.29277638e+00, 
              6.03872106e-01,   1.54433257e-01,   4.42710966e+00,   5.67298345e+00,   7.63078690e+00, 
              7.12123448e+00,   5.79504255e-01,   1.73982440e+00,   2.62844113e+00,   4.20723148e+00, 
              3.76417609e+00,   5.71265251e+00,   1.69254087e+00,  -2.00363962e+00,   4.54658102e+00, 
              8.57639941e+00,   6.65630872e+00,   1.91044803e+00,  -2.84446929e+00,   1.26874923e+01, 
              7.94234018e+00,   9.21706088e+00,   7.04159078e+00,  -2.00427986e-01,  -3.21290199e+00, 
              1.29641542e+01,   1.00653224e+01,   9.26859094e+00,   4.90384533e+00,   2.31529029e+00, 
             -3.52390005e+00,   1.10470371e+01,   7.41015827e+00,   6.16283862e-03,   7.81772935e+00, 
              2.76294189e+00,   6.02857317e+00,   1.40881398e+01,   6.97827240e+00,   5.90446771e+00, 
              6.71378320e+00,   2.66505732e+00,  -3.91303344e-02,   1.07007601e+00,   7.12644317e+00, 
              4.72501953e+00,   5.86621906e+00,   1.34981364e+00,   1.38265172e+00,   1.24258101e+01, 
              8.54141469e+00,   5.35614753e+00,   9.14025469e+00,   2.41954501e+00,   1.42436767e-01, 
              3.26556495e+00,   7.25550558e+00,   5.01407723e+00,   6.05373253e+00,   5.30223020e+00, 
              6.14193004e-01,   1.11082265e-01,   4.45926245e+00,   5.62280495e+00,   7.67550925e+00, 
              7.08059883e+00,   5.84089803e-01,   1.74852686e+00,   2.59010437e+00,   4.19705654e+00, 
              3.68979645e+00,   5.80979061e+00,   1.65237215e+00,  -2.02935681e+00,   4.54001520e+00, 
              8.57074221e+00,   6.64756134e+00,   1.92401699e+00,  -2.81996495e+00,   1.26548317e+01, 
              7.93341056e+00,   9.21140751e+00,   7.16305390e+00,  -1.38307987e-01,  -3.14278405e+00, 
              1.29616384e+01,   1.00780449e+01,   9.28496094e+00,   4.90878122e+00,   2.37181592e+00, 
             -3.44507016e+00,   1.11436518e+01,   7.41815737e+00,  -2.58451801e-02,   8.00216423e+00, 
              2.85340378e+00,   5.98842066e+00,   1.41172384e+01,   6.99465278e+00,   5.87809990e+00, 
              6.74724098e+00,   2.62632706e+00,  -5.59734669e-02,   1.02946610e+00,   7.09856394e+00, 
              4.73554022e+00,   5.87467212e+00,   1.33111110e+00,   1.30557562e+00,   1.25353573e+01, 
              8.67467285e+00,   5.27278522e+00,   9.02194163e+00,   2.40901929e+00,   1.63970000e-01, 
              3.20858909e+00,   7.47097326e+00,   4.98526634e+00,   6.11986256e+00,   5.28655416e+00, 
              6.27975438e-01,   2.08501694e-01,   4.46560894e+00,   5.60317583e+00,   7.70139773e+00, 
              7.04527025e+00,   6.33012694e-01,   1.73741764e+00,   2.63773603e+00,   4.18221401e+00, 
              3.71909368e+00,   5.81017130e+00,   1.64316153e+00,  -2.10800987e+00,   4.55750859e+00, 
              8.57650722e+00,   6.63442813e+00,   1.86340782e+00,  -2.75237062e+00,   1.26185145e+01, 
              7.89235217e+00,   9.36112499e+00,   7.20625485e+00,  -2.57560554e-01,  -2.95035396e+00, 
              1.28956315e+01,   1.00003295e+01,   9.23871855e+00,   4.77019005e+00,   2.45799036e+00, 
             -3.54472067e+00,   1.10302943e+01,   7.32496829e+00,  -3.66539939e-02,   7.99820276e+00, 
              2.91982205e+00,   6.14728618e+00,   1.41471598e+01,   6.84194917e+00,   5.84985616e+00, 
              6.74191858e+00,   2.59260025e+00,  -4.75904180e-02,   1.05687761e+00,   7.05844362e+00, 
              4.75251684e+00,   5.52645695e+00,   1.31577832e+00,   1.30408943e+00,   1.25564191e+01, 
              8.70879462e+00,   5.26944222e+00,   8.98267897e+00,   2.28887537e+00,  -2.13906151e-02, 
              3.16687430e+00,   7.48438951e+00,   4.94374941e+00,   6.08547183e+00,   5.31053741e+00, 
              6.45596381e-01,   1.98965497e-01,   4.52329894e+00,   5.65346588e+00,   7.68765109e+00, 
              7.00213854e+00,   6.30264876e-01,   1.73705395e+00,   2.64331905e+00,   4.16964058e+00, 
              3.69523666e+00,   5.74135489e+00,   1.65674908e+00,  -2.07865086e+00,   4.57092984e+00, 
              8.57692373e+00,   6.63905114e+00,   1.87554063e+00,  -2.81802387e+00,   1.26205357e+01, 
              7.94768935e+00,   9.17689858e+00,   7.06071471e+00,  -3.42396549e-01,  -2.87758951e+00, 
              1.28733366e+01,   1.00776771e+01,   9.15746756e+00,   4.72410327e+00,   2.16389946e+00, 
             -3.26232761e+00,   1.10153877e+01,   7.46409888e+00,  -1.13640180e-01,   7.87437194e+00, 
              2.94566183e+00,   6.00689146e+00,   1.39631072e+01,   6.92702108e+00,   5.82722888e+00, 
              6.82072993e+00,   2.55768643e+00,  -6.46439844e-02,   1.09009151e+00,   7.01497909e+00, 
              4.76711822e+00,   5.56058220e+00,   1.29259678e+00,   1.43973306e+00,   1.25083124e+01, 
              8.83715725e+00,   5.26226138e+00,   8.94163024e+00,   2.37502538e+00,   3.97402250e-02, 
              3.20904160e+00,   7.56080914e+00,   4.98595937e+00,   6.02661897e+00,   5.30509602e+00, 
              6.24543332e-01,   1.72626497e-01,   4.53569680e+00,   5.65167227e+00,   7.66031031e+00, 
              6.99471210e+00,   6.40946447e-01,   1.69808652e+00,   2.69860870e+00,   4.19993635e+00, 
              3.73718416e+00,   5.75332863e+00,   1.59789156e+00,  -2.09143057e+00,   4.54345781e+00, 
              8.61154844e+00,   6.63615205e+00,   1.92230104e+00,  -2.81189534e+00,   1.26245026e+01, 
              7.90142724e+00,   8.95842123e+00,   7.02801594e+00,  -1.12320564e-01,  -2.84207456e+00, 
              1.28415911e+01,   9.98668332e+00,   9.21084804e+00,   4.77376928e+00,   2.21453451e+00, 
             -3.35328570e+00,   1.08960733e+01,   7.30993341e+00,  -1.08623637e-01,   7.93286516e+00, 
              3.01106857e+00,   6.02134421e+00,   1.39907050e+01,   6.91802465e+00,   5.84215404e+00, 
              6.76045760e+00,   2.55977239e+00,  -6.91260389e-02,   1.10887286e+00,   7.06087639e+00, 
              4.67227169e+00,   5.56660605e+00,   1.09415008e+00,   1.41263408e+00,   1.23671626e+01, 
              8.76339767e+00,   5.26271552e+00,   8.73877035e+00,   2.22467349e+00,   1.89830613e-01, 
              3.18037667e+00,   7.72578806e+00,   5.07847472e+00,   6.07265019e+00,   5.29673967e+00, 
              6.01049794e-01,   1.71155093e-01,   4.56396858e+00,   5.63389529e+00,   7.67269552e+00, 
              6.94891633e+00,   6.07357002e-01,   1.69783930e+00,   2.69682026e+00,   4.16578766e+00, 
              3.77118804e+00,   5.78752761e+00,   1.56920165e+00,  -1.99862324e+00,   4.56606058e+00, 
              8.60041479e+00,   6.65577106e+00,   1.90741767e+00,  -2.85432932e+00,   1.25909992e+01, 
              7.87963966e+00,   8.68764472e+00,   7.09032413e+00,  -1.51515598e-01,  -2.98250042e+00, 
              1.27914603e+01,   9.84418823e+00,   9.32852436e+00,   4.57035630e+00,   2.28875307e+00, 
             -3.45013516e+00,   1.09653093e+01,   7.42370500e+00,  -1.88901783e-01,   7.82491667e+00, 
              3.09710292e+00,   6.04633322e+00,   1.40087521e+01,   6.87273146e+00,   5.74678126e+00, 
              6.81798996e+00,   2.61008271e+00,  -7.48472047e-02,   1.22131756e+00,   7.15059397e+00, 
              4.72100252e+00,   5.49737216e+00,   1.10686787e+00,   1.12033637e+00,   1.23029719e+01, 
              8.81365566e+00,   5.17294267e+00,   8.69950061e+00,   2.43110362e+00,   2.78043758e-01, 
              3.17069724e+00,   7.66208005e+00,   5.11369100e+00,   6.02477867e+00,   5.29002506e+00, 
              6.42015244e-01,   1.67272929e-01,   4.59047322e+00,   5.62734738e+00,   7.65608839e+00, 
              6.97967426e+00,   6.14287507e-01,   1.69808323e+00,   2.68818650e+00,   4.18177974e+00, 
              3.75805907e+00,   5.80802023e+00,   1.51762608e+00,  -2.00217929e+00,   4.58903188e+00, 
              8.63051278e+00,   6.68438627e+00,   1.87382850e+00,  -2.85173260e+00,   1.25994991e+01, 
              7.90917413e+00,   8.41172105e+00,   7.01729870e+00,  -1.81126145e-01,  -2.90093754e+00, 
              1.27450232e+01,   9.93922748e+00,   9.17327260e+00,   4.65063286e+00,   2.17065245e+00, 
             -3.46086484e+00,   1.09278703e+01,   7.45548636e+00,  -2.02751282e-01,   7.73502955e+00, 
              2.99883446e+00,   6.07327894e+00,   1.39064613e+01,   6.82956511e+00,   5.79539612e+00, 
              6.88283199e+00,   2.68674192e+00,  -1.65693036e-02,   1.15527318e+00,   7.16408049e+00, 
              4.79726477e+00,   5.51848758e+00,   1.23796963e+00,   1.03763172e+00,   1.24327374e+01, 
              8.67793458e+00,   5.09900488e+00,   8.84324476e+00,   2.59406897e+00,   1.95321872e-02, 
              3.16869804e+00,   7.41500584e+00,   5.15631472e+00,   6.03116703e+00,   5.29702042e+00, 
              7.03318587e-01,   1.65928820e-01,   4.58082334e+00,   5.61969654e+00,   7.70706036e+00, 
              6.96475106e+00,   5.80113960e-01,   1.66579546e+00,   2.60748399e+00,   4.18711606e+00, 
              3.77821842e+00,   5.80557212e+00,   1.54040028e+00,  -1.99080245e+00,   4.62839262e+00, 
              8.58906608e+00,   6.61841885e+00,   1.89114032e+00,  -2.85169700e+00,   1.25089135e+01, 
              7.92817045e+00,   8.29439310e+00,   7.13464772e+00,   2.89172515e-02,  -3.12851223e+00, 
              1.27437029e+01,   1.00768454e+01,   9.10403169e+00,   4.81182177e+00,   2.24225891e+00, 
             -3.55722684e+00,   1.09680385e+01,   7.52060892e+00,  -1.67525311e-01,   7.79046181e+00, 
              3.06966680e+00,   6.17278442e+00,   1.40124827e+01,   6.94165884e+00,   5.74931338e+00, 
              6.89038544e+00,   2.70874794e+00,  -1.58942135e-03,   1.16994834e+00,   7.16049540e+00, 
              5.03246378e+00,   5.49942904e+00,   1.28331622e+00,   1.07496141e+00,   1.23667300e+01, 
              8.68992665e+00,   5.20036734e+00,   9.01926622e+00,   2.54605019e+00,   1.64460561e-01, 
              3.27899958e+00,   7.20800440e+00,   5.10583562e+00,   6.04618443e+00,   5.26253669e+00, 
              7.25420751e-01,   1.77265869e-01,   4.57791531e+00,   5.66090632e+00,   7.74721833e+00, 
              6.95927410e+00,   5.65071313e-01,   1.63731145e+00,   2.55415302e+00,   4.20060653e+00, 
              3.86085000e+00,   5.82983743e+00,   1.51392887e+00,  -1.95794402e+00,   4.58907412e+00, 
              8.55214212e+00,   6.58065450e+00,   1.92030717e+00,  -2.81648089e+00,   1.24964936e+01, 
              7.96666455e+00,   8.55848520e+00,   7.06350112e+00,  -1.81365229e-01,  -3.09323889e+00, 
              1.25945804e+01,   1.00262026e+01,   9.10563028e+00,   4.83477281e+00,   2.20215435e+00, 
             -3.68281078e+00,   1.11769285e+01,   7.46699587e+00,  -2.11017492e-01,   7.87293248e+00, 
              2.99828876e+00,   6.16741209e+00,   1.39069979e+01,   6.72118713e+00,   5.73181635e+00, 
              6.82673604e+00,   2.69188911e+00,  -8.29054519e-02,   1.14698387e+00,   7.24210542e+00, 
              4.95416456e+00,   5.45799809e+00,   1.40050234e+00,   1.35947646e+00,   1.23390270e+01, 
              8.59989297e+00,   5.07883526e+00,   9.03275171e+00,   2.45545335e+00,   1.92832308e-01, 
              3.28546458e+00,   7.31043623e+00,   5.11654510e+00,   6.02949464e+00,   5.31753262e+00, 
              6.30537347e-01,   1.56848299e-01,   4.64476469e+00,   5.69548919e+00,   7.76363007e+00, 
              6.98219524e+00,   5.75252619e-01,   1.60638618e+00,   2.51213619e+00,   4.26516130e+00, 
              3.91369503e+00,   5.77186391e+00,   1.45642487e+00,  -1.97212679e+00,   4.57867078e+00, 
              8.45977730e+00,   6.55760096e+00,   1.90808541e+00,  -2.82987727e+00,   1.25199552e+01, 
              7.95878310e+00,   8.64768539e+00,   7.02006060e+00,  -2.78920587e-02,  -3.05902057e+00, 
              1.26078628e+01,   1.01197688e+01,   9.03275316e+00,   4.79960108e+00,   2.09300704e+00, 
             -3.70767900e+00,   1.10135368e+01,   7.31562838e+00,  -2.55042579e-01,   7.85610278e+00, 
              2.93655132e+00,   6.11424099e+00,   1.39238551e+01,   6.78982894e+00,   5.67874572e+00, 
              6.73320969e+00,   2.70397096e+00,  -1.12552933e-01,   1.12778805e+00,   7.27723568e+00, 
              5.01501589e+00,   5.55677445e+00,   1.19660186e+00,   1.30889696e+00,   1.23071230e+01, 
              8.60348851e+00,   5.13384720e+00,   8.88919044e+00,   2.38827775e+00,   2.86235424e-01, 
              3.35864029e+00,   7.26614325e+00,   5.11137112e+00,   6.04268862e+00,   5.34506837e+00, 
              6.20231562e-01,   1.43113945e-01,   4.64764530e+00,   5.67277857e+00,   7.77372667e+00, 
              7.01286639e+00,   5.90742576e-01,   1.60700471e+00,   2.56403006e+00,   4.26767550e+00, 
              3.89878704e+00,   5.79438831e+00,   1.48816041e+00,  -1.94138230e+00,   4.57390431e+00 ]
         </q>
         <p shape='(32, 60)'>
          [   2.48555370e+01,  -2.54200390e+00,   4.74395960e+01,  -2.42085083e+01,   2.13448150e+00, 
             -2.32956964e+01,   3.73493995e+00,  -1.45191306e+01,  -5.89530119e+00,   8.29515797e+00, 
              5.50678401e+00,   3.73425774e+00,   2.84080576e+00,   5.80834210e+00,  -5.95488666e+00, 
             -5.03101100e+00,   1.65173067e+01,   1.12198767e+01,   6.92971307e+00,  -8.34261625e+00, 
             -1.08875782e+01,   2.72073799e+00,   2.19546142e+00,  -1.07769605e+01,   8.33051407e-01, 
              3.71604717e+01,  -3.62527039e+01,  -1.21946687e+01,  -5.35732513e+01,   1.37889035e+01, 
              9.73656655e+00,   4.64388831e+00,  -1.16778472e+00,  -7.18827673e-01,   1.25931565e+00, 
              6.11654404e+00,  -6.37640386e+00,   1.40097234e+00,   2.77599335e+00,   1.37464996e+00, 
              5.89771343e-02,   6.87930411e-01,   2.44263348e+00,  -1.16874271e+01,  -4.41705050e+01, 
              6.95320486e+00,  -2.14828477e+01,  -3.86727133e+01,  -4.78559003e+01,   1.38353603e+01, 
             -5.58424653e+01,  -7.01129982e+00,  -1.09186776e+01,   3.35502908e+01,  -4.54985726e+01, 
             -6.05001948e+01,   2.85126572e+01,  -3.84680467e+01,   1.51831810e+00,  -6.05436586e+01, 
             -4.50701979e+00,   1.98923907e+00,  -1.23205578e+01,   2.85077392e+01,   3.74359195e+00, 
              1.93540542e+00,   9.69999402e+00,   9.12989531e+00,   1.50994085e+01,  -2.94105203e+00, 
              1.44904390e+01,  -9.74274619e+00,  -9.93679953e-01,  -2.21609062e+00,  -8.56526720e-01, 
             -7.83547173e+00,  -1.52031429e+01,   4.56257120e+00,  -1.52661760e+01,   1.52961328e+01, 
              5.17074562e+00,  -9.38629650e+00,  -7.36088777e+00,   1.98357597e+00,  -5.64842887e+00, 
              1.05207519e+01,  -2.07247225e+01,   2.82455267e+01,  -2.83349314e+00,  -1.38324355e+01, 
             -5.85666695e+00,   3.04924368e+00,  -1.46431477e+01,  -1.14581419e+01,   7.44464487e+00, 
              3.58761255e+00,   1.81474765e+00,  -2.48271867e+00,   6.04952193e+00,   5.09945732e-01, 
              4.63907596e+00,  -3.29027140e-01,  -3.69543090e+01,  -1.89037005e+01,  -2.38704809e+01, 
              5.30610115e+01,  -1.55857251e+01,  -2.23232478e+00,  -1.80389002e+01,   4.14724799e+01, 
              8.65476517e+01,   3.08699347e+01,  -1.15887634e+01,  -1.32863449e+01,  -1.73605192e+01, 
             -6.51064741e+01,  -4.42769001e+01,  -2.83674621e+01,  -1.10463274e+01,   6.57224330e+00, 
              2.46975750e+00,   2.77513296e+01,   2.68439672e+01,   3.91449492e+01,  -3.37879446e+01, 
             -3.26185024e+00,   4.83274969e-01,   4.16428835e+00,   6.53033818e+00,  -2.71192884e-01, 
             -7.02102395e+00,  -4.09373945e-01,   1.80990949e+01,  -1.05556982e+01,  -1.02735693e-01, 
              7.15467832e+00,  -8.71713205e+00,   2.07905271e+00,   2.40334647e+00,   1.06305543e+00, 
             -1.40718696e+01,  -1.66880969e+01,   8.59511665e-01,  -9.75245038e+00,  -2.65009754e+00, 
             -1.83031551e+01,   1.57323609e+01,   1.86848752e+00,   3.47231068e+01,   5.29913254e+01, 
              5.96943627e+00,   6.75208021e+00,   1.07478612e+01,   1.17863578e+01,   5.43349817e+00, 
             -1.32179247e+01,   1.72984489e-01,   1.16812344e+00,  -1.11815097e+01,   2.13572900e+00, 
             -1.59139848e+01,  -1.60069642e+00,   3.34317961e+00,  -2.54011671e+00,  -3.31962389e+01, 
              3.03713117e+00,   6.94697170e+00,  -1.89633879e+01,  -1.46889916e+01,  -3.85432516e+01, 
             -2.86178942e+01,  -4.17848118e+01,  -2.03246676e+01,   3.07297536e+01,   6.61702443e+00, 
              2.42533247e+01,  -4.28278097e+01,   3.04159209e+01,   2.91785160e+01,   3.56997038e+01, 
             -2.52819890e+01,   9.95227345e+00,   4.13513125e+01,  -3.04428390e+01,  -1.47610636e+00, 
             -4.19192130e+01,  -8.27771372e+00,   4.69963741e+00,   5.73128810e+00,  -4.42716023e+00, 
              1.10674222e+01,  -4.91914253e+00,   7.16619521e+00,  -4.95067892e+00,   3.69505726e+00, 
              7.65983236e+00,  -5.48573566e+00,   1.56477993e+00,  -1.63844571e+00,  -1.14852806e+01, 
              7.36540017e+00,  -1.83222867e+01,  -4.75327607e+00,   5.08637011e+00,  -3.24719577e+01, 
              3.19063869e+01,  -5.86703040e+00,   5.20031791e+00,   2.99867408e+01,  -9.13765404e+00, 
             -4.86328221e+00,   1.20314572e+01,  -3.55944387e-01,  -9.04789896e-01,  -1.41514049e+01, 
              3.26462746e+00,  -6.65105294e+00,  -7.52555101e+00,  -8.81384922e+00,  -2.02111427e+00, 
              1.17466242e+01,   1.78216786e+01,  -2.03057923e+01,   2.10290747e+01,   6.40063565e+00, 
              1.82328944e+00,  -3.10161617e+01,   3.50817042e+01,   2.10853546e+01,  -1.50226152e+01, 
             -7.08575640e+01,   1.23604442e+01,   6.30127587e+00,   8.52793438e-01,   2.52159503e+01, 
             -3.87308047e+00,  -7.40959236e+00,  -2.03336445e+01,  -2.19581199e+01,   8.42563027e+00, 
              2.00546684e+01,  -7.04002483e+01,  -8.66364770e+00,   3.96893478e+01,  -3.51427166e+01, 
              3.80044173e+01,  -5.29998495e+00,  -1.60925620e+01,  -1.21080513e+01,   1.13147946e+00, 
             -7.87265863e-01,  -4.29422231e+00,  -9.32785922e+00,  -1.93268090e+00,   3.25554624e+00, 
              1.78623553e+01,  -5.32828686e-01,   2.12109862e+01,   3.30025800e+00,   9.61329981e+00, 
             -2.57047009e+00,   1.20581307e+01,   5.87113745e+00,  -8.10227239e-01,   2.44012819e+01, 
              4.19178457e+00,  -4.71757306e+01,  -3.16058951e+01,   2.33428976e+01,   2.22684333e+01, 
             -6.79323393e+00,   4.66674102e+00,   3.92278648e+00,   1.34453627e+01,  -1.19846778e+01, 
              5.18232532e+00,   4.77450348e+00,   4.57563659e+00,  -6.51293270e+00,   2.91474529e+00, 
              6.99011953e+00,  -3.64332960e+00,   1.17033005e+01,   8.32335878e+00,  -3.93214159e+00, 
             -1.13566222e+01,  -5.97096949e+00,   5.44069560e+00,   1.36522715e+01,  -2.22314533e+01, 
             -6.51857289e+00,   3.15006246e+01,  -4.38000197e+01,   5.88605901e+01,   7.02473732e+00, 
              3.48569510e+01,  -7.01805776e+00,  -2.24656406e+01,  -1.68722782e+01,  -5.80637936e+01, 
              4.28999433e+00,   9.50971131e+00,  -2.69179033e+01,  -3.44171019e+01,  -3.08481920e+01, 
              2.65382938e+01,   9.21323837e+00,  -7.72671787e+00,   9.63095434e-01,   1.41236825e+01, 
              2.42444121e-01,  -1.49922524e+01,  -1.45117951e+00,   2.17157846e+00,  -3.94629829e-01, 
              1.98267634e+00,   4.48876929e+00,   7.03114632e+00,  -6.48275643e-01,  -1.12836401e+01, 
              4.26394829e+00,  -2.58137812e+00,   7.25491773e+00,   1.75072445e+00,   2.26259436e+01, 
              1.45054045e+01,  -2.13383992e+00,  -2.20989529e+01,   2.62015529e+01,  -4.36938869e+01, 
             -1.62019317e+01,   1.11381045e+01,  -3.88786493e+00,  -4.82942765e+00,   8.36541396e-01, 
             -3.52730905e+00,  -1.51120078e+00,  -1.64187824e+00,   9.50566144e+00,   6.64381326e+00, 
             -7.38505319e+00,   3.85303038e+00,   3.64456506e+01,   4.12676807e+01,  -5.08284455e+00, 
             -1.59635032e+01,   2.21863042e+01,  -1.67008578e+01,   5.10922697e+01,   2.34442941e+01, 
             -2.31180494e+01,  -1.69452725e+01,   1.44650841e+01,  -1.08204653e+00,   2.85255269e+01, 
              9.32786075e+00,   2.64809696e+01,   4.25843187e-01,   2.85989275e+01,   1.44727292e+01, 
             -4.53235118e+01,   2.86227263e+01,   4.34356901e+01,  -1.43274019e+01,   5.86796272e+01, 
             -1.68612817e+00,  -1.61504622e+01,   2.69917974e+00,  -4.61627944e+00,  -3.21826482e-01, 
             -1.58813242e+00,  -9.33271533e+00,   4.98982096e+00,   4.36276817e+00,  -1.82955189e+00, 
             -1.14056039e+01,  -1.36599579e+01,   2.74358046e+00,   7.34661810e+00,   1.03103958e+00, 
             -2.57459026e+00,   1.87926569e+00,  -4.64407926e+00,  -1.81607765e+01,  -1.69626594e+01, 
             -1.43841243e+01,  -4.97053008e+01,  -3.05797385e+01,   2.23047743e+01,   9.35114391e+00, 
              8.53453981e-01,   1.93564418e+00,   5.74783922e+00,   3.90756957e+00,   3.34396109e+00, 
              9.98857567e+00,   8.79878346e+00,   4.83154139e+00,   1.27164372e+01,   1.29156706e+01, 
             -9.38391095e+00,  -1.17522867e+01,  -4.86622741e+00,  -6.82944233e+00,  -1.70493507e+01, 
             -3.33777968e+01,  -1.67910571e+01,   3.06334744e+01,   9.05933685e-02,   1.16429603e+01, 
             -2.21741322e+01,   2.36094487e+01,   1.84700046e+01,   6.88759247e+01,   3.06182268e+01, 
              2.05035188e+01,  -2.73420739e+00,   1.39874153e+01,  -8.08869674e+00,  -4.19081979e+00, 
             -7.33587320e+00,  -4.63819208e+01,   2.87027765e+01,   1.37506986e+01,   3.17918084e+00, 
              2.65151768e+01,  -9.84150301e+00,   1.29707515e+01,  -1.18476606e+01,  -4.30937703e+00, 
              1.25620031e+00,   1.27925413e+01,   7.61455024e-01,  -6.35796615e+00,  -7.85521206e+00, 
              8.51844142e+00,  -8.15189365e+00,  -5.94241488e+00,  -4.39059775e-01,   1.29065019e+01, 
              1.26556064e+00,   1.07782874e+01,  -4.71121873e-01,   6.71332785e+00,  -2.11767849e+01, 
             -1.26685618e+01,  -3.62305839e+01,   2.87259825e+01,  -5.81340373e+00,  -1.38984226e+01, 
             -3.12625019e+00,   1.01372229e+01,   3.10070594e+00,   1.64259610e+00,   4.54021136e+00, 
              8.16783460e+00,  -1.83547674e+01,  -4.84993309e-01,   1.58985866e+00,   8.13838139e+00, 
             -7.22637828e+00,   4.31615651e+00,  -1.34327415e+01,   4.34015654e+01,   1.39010344e+01, 
              1.68124655e+01,  -6.27417405e+00,   3.23506949e+01,  -1.35048407e+01,   7.56775935e+00, 
             -1.67006865e+01,   5.39234806e+01,  -4.02790058e+01,   1.84522377e+01,  -5.25076187e+01, 
              1.61856613e+01,   5.16144182e+01,   8.23351134e+00,  -2.52016198e+01,  -2.46592271e+01, 
             -1.59979287e+01,  -5.65950366e+01,   1.00782185e+01,   1.29175411e+01,  -2.43377093e+01, 
              4.16764132e+01,  -1.70526753e+01,  -9.93923896e+00,   1.69852559e+00,   4.36485265e+00, 
             -1.43934952e+01,  -5.76557279e+00,  -3.84999425e+00,   6.94136452e+00,   4.82600909e+00, 
              5.18693645e+00,   1.95381557e+01,   8.12055791e-01,   5.49066772e+00,   4.49669429e+00, 
             -1.03075779e+01,   8.84556950e+00,   1.18317447e+01,  -8.03454041e+00,   2.54761053e+01, 
             -2.34944489e+01,  -2.61238778e+01,  -1.15970479e+01,  -4.80103306e+01,  -1.38784681e+01, 
             -5.21121228e+00,   4.16598951e+00,  -5.05335058e+00,  -3.98800159e-01,  -1.15696324e+01, 
              2.44830929e+00,  -4.29697630e+00,  -4.12896049e+00,   1.09171856e+01,   3.86568544e+00, 
              1.80542891e+01,  -2.74539356e+00,  -1.42329351e+01,   2.86384592e+01,   3.69528899e+01, 
              2.57984499e+00,   4.70378500e+01,  -1.74949010e+01,   4.56201984e+01,  -3.04130208e+01, 
             -3.07704361e+01,   4.50661921e+01,  -2.19692443e+01,  -5.89686229e+01,   3.58067543e+01, 
              3.71902908e+01,  -5.96227717e+00,   6.04532270e+01,   1.40645489e+01,   1.34746391e+00, 
             -1.04688914e+01,   6.63884787e+00,  -6.97507855e+00,  -5.48034633e+01,   4.16401890e+01, 
              3.79337463e+01,  -9.34093763e+00,  -1.36581816e+01,  -6.62446229e+00,  -5.12915278e+00, 
             -1.01025979e+01,  -6.08882276e+00,  -2.99761894e+00,   1.59976954e+00,  -1.56369708e+00, 
              1.17479287e+01,   6.42553361e+00,  -3.47997997e+00,   1.19808968e+00,  -2.09710684e+01, 
             -1.26453266e+00,  -3.82001856e+00,   9.96190935e+00,   6.35985500e-01,   1.52580656e+01, 
              1.44713741e+01,   1.88492254e+01,  -1.67887810e+01,  -4.36675105e+00,  -2.97401505e+00, 
             -5.43642688e+00,   2.11745071e+00,  -2.01380226e+00,  -1.83934805e+00,  -6.82906607e+00, 
             -7.45650541e+00,   7.32150473e+00,  -4.62303185e+00,   2.05996432e+00,   2.07501544e+00, 
              2.58346188e+00,  -1.27112923e+01,   2.32715803e+01,   2.70578158e+01,   2.38104408e+01, 
              3.56502388e+01,  -1.44012695e+01,  -5.23171491e+01,   3.15625397e+01,  -3.00691876e+01, 
              1.14009791e+01,   9.72312091e+00,   2.94546265e+01,   3.63338376e+01,  -1.38589824e+01, 
              4.92160121e+01,  -1.80754834e+00,  -2.89010792e+01,   6.58743712e+01,  -3.03273499e+01, 
              1.07751556e+01,  -4.09465576e+00,   5.82968097e+00,   1.35056811e+01,   4.17808701e+01, 
             -2.50630593e+01,  -1.28231776e+00,  -3.70689928e+00,   2.53515167e+00,   1.02438129e+01, 
              4.58882864e+00,   5.10340799e+00,   3.03942169e+00,   1.63792029e+00,  -1.65983481e+00, 
              8.50971715e+00,   5.96615811e-01,   3.19168767e+00,  -9.81234622e+00,   4.99645394e-01, 
             -1.18407261e+01,  -6.21810863e+00,   1.25728128e+01,   7.86424302e+00,  -1.96196680e+01, 
              6.39875848e+00,   1.38598875e+01,   1.33950802e+01,  -2.68922495e+01,  -2.00089982e+01, 
             -9.09758237e+00,   9.96522499e-01,   1.97534367e+01,   1.69740361e+00,   5.95256059e+00, 
             -1.08095958e+00,  -2.06398511e+00,   1.31393384e+01,  -7.28469806e+00,  -3.96329887e-02, 
              1.31671251e+00,  -2.14273453e+00,   1.61560071e+01,   4.88513537e+00,   1.15883090e+01, 
              2.34120741e+01,  -2.16502590e+01,   4.31760029e+00,  -1.02033618e+01,  -8.25761843e+00, 
              2.02978435e+01,  -4.05804667e+01,   8.89936463e-01,  -2.20046929e+01,  -3.90509301e+01, 
              2.22023614e+01,   4.18729907e+01,   2.60680982e+01,  -1.38538435e+01,  -3.75787791e+01, 
             -8.06140777e+00,   1.40898729e+00,   3.92506403e+01,   5.14207917e+01,  -6.85373962e+00, 
             -2.38582259e+01,  -9.41132667e+00,   5.31893238e+00,   3.15465897e-01,  -7.39009101e+00, 
             -3.63727732e+00,  -4.16681340e+00,   1.36519890e+00,  -8.59735807e+00,  -1.26510374e+01, 
              1.54459294e+00,   6.84118319e+00,  -1.09955318e+01,  -9.59659252e+00,  -4.87976806e+00, 
              7.81694651e+00,  -9.96228579e-01,  -1.10312990e+01,  -9.06164999e+00,   9.30610475e+00, 
              2.03035239e+00,  -1.66958312e+01,  -1.44886488e+01,  -1.02756916e+01,  -5.95410486e+00, 
              1.87731707e+01,  -1.99314663e+00,   2.16198380e+00,   6.47176806e+00,  -8.83332270e+00, 
             -2.22226463e+00,  -4.16678903e+00,   7.74770403e+00,  -1.01165814e+01,   4.43579513e+00, 
             -7.87276598e-02,   1.10932153e+01,   1.87652240e+01,   5.64897564e+01,   5.68454283e+00, 
              2.23962277e+01,  -5.75651733e+01,   3.47899649e+01,   5.51723365e+00,  -2.19488338e+01, 
             -1.41251896e+01,   2.43469026e+00,  -6.66413547e+00,   2.80068308e+01,   3.26697876e+01, 
             -6.08216821e+00,   7.67532143e+00,   2.69961416e+01,   2.47027624e+01,   1.26696793e+01, 
             -1.87203210e+00,   1.26625646e+01,   1.02060601e+01,  -3.18000594e+01,   9.46693159e+00, 
              4.33982000e+01,   1.02083774e+01,   1.99254379e+00,   7.05690182e+00,   7.89926960e+00, 
              1.14705750e+01,   3.55856058e+00,  -4.52133634e+00,  -1.05186026e+01,  -1.30353947e+01, 
              6.23738516e+00,   4.98266237e+00,  -7.40403034e+00,   2.00936361e+01,   6.69675683e+00, 
              8.01004963e+00,  -3.58276623e+00,  -2.22407681e+00,  -1.07985366e+00,   4.29217376e+00, 
             -4.40873986e+00,   3.17967247e-01,   5.68080703e+00,  -1.23077701e+01,   1.22356735e+01, 
              5.05522085e+00,   7.38493123e+00,  -6.68598715e+00,  -1.32011565e+00,   1.92698709e+00, 
              1.20825260e+01,   2.26132237e+00,  -1.13538689e+00,   6.84653974e+00,   2.46327203e+00, 
              5.86847930e+00,   1.29822999e+01,   2.13429610e+01,   1.93043901e+01,  -2.17080626e+01, 
             -1.32422464e+01,   2.14965990e+01,   2.50628472e+01,   3.07055170e+01,  -1.79308309e+01, 
              7.81476126e+00,   4.89836709e+01,  -7.24048995e+01,  -4.00672290e+00,  -5.94880509e+01, 
              1.56090424e-01,   5.94124200e+01,   3.00617503e+01,   2.73894561e+01,  -3.50150007e+01, 
             -4.34848409e+00,   1.73713184e+01,  -2.47867368e+01,  -4.64102202e+01,  -2.02154704e+00, 
              2.44480246e+01,  -8.95512250e+00,   1.04074434e+01,   5.61469301e+00,   1.41278189e+01, 
              1.92565301e+00,  -1.15455035e+01,  -1.41280538e+00,  -1.93255285e+01,  -1.86479280e-01, 
              4.67391904e+00,   2.60291292e+00,   7.41265900e+00,   2.93884954e+00,   8.59780871e+00, 
              5.90149115e+00,  -1.97453036e+01,  -5.12734667e+00,  -3.36533799e+00,   1.17914178e-01, 
              8.10785549e+00,   2.97059882e+00,  -4.94100550e+00,   5.42606400e+01,  -3.38898045e+01, 
             -5.72243779e+00,  -4.31052287e+00,   1.61439513e+00,   1.08488333e+01,  -1.15037045e+01, 
             -2.88792089e+00,   1.00028403e+01,  -1.00992679e+01,  -9.75301003e-01,   5.64806627e+00, 
              5.79892506e+00,  -8.32639775e+00,  -3.88591180e+01,   1.18338693e+01,  -2.75013345e+01, 
              3.14568409e+01,   3.44161972e+01,  -3.32448833e+01,  -7.62011198e-01,  -1.95354154e+01, 
              2.20662246e+01,   9.76510044e+00,   8.24922968e+01,  -2.28320507e+01,   1.78993960e+01, 
             -6.30160585e+00,   1.86616076e+01,  -4.08540631e+00,   1.86905891e+01,  -2.33245570e+00, 
              2.42155302e+01,  -3.17589576e+01,  -6.78873372e+00,   2.56506511e+01,   3.93297769e+00, 
             -4.24107160e+01,   1.04545818e+01,   6.67377529e+00,  -1.08501227e+01,  -3.57268700e+00, 
              1.78388446e+00,   1.58653291e+00,   2.30883188e+00,  -2.33497606e+00,  -2.81093118e+00, 
              1.21763175e+00,  -1.20485362e+00,  -3.56910938e+00,   1.87510349e+00,  -8.00410604e+00, 
             -7.81598462e+00,  -7.39235745e-01,   4.44384784e+00,  -3.51155869e+00,  -1.88502913e+01, 
             -2.24666838e+01,   4.38826788e+00,   1.67545165e+01,  -1.06983207e+01,   3.29060609e+01, 
              1.32000816e+01,   5.31620169e+00,  -1.05478453e+01,  -6.01268744e+00,  -9.18424790e+00, 
             -6.63221165e-01,  -1.60921419e+00,  -7.13516210e+00,  -4.31008397e+00,   1.33832529e+01, 
             -7.27501745e+00,  -4.86591071e+00,  -1.54323793e+00,  -4.13607579e+01,   9.66745450e+00, 
              5.96754836e+00,   1.64558062e+01,   3.13621163e+01,  -2.48496880e+01,   4.36561395e+01, 
             -3.84385609e+01,  -3.17332534e+01,  -4.23003532e+01,   2.12793761e+01,  -3.88257394e+01, 
             -2.53072493e+01,  -2.96554397e+01,   4.46484929e+01,  -9.50953502e+00,   2.56153998e+01, 
              2.43348178e+01,   3.10603197e+01,  -1.02595879e+01,   2.69070880e+01,  -3.98232324e+01, 
              2.92181133e+01,  -3.54242038e+00,   1.12247205e+01,  -6.83474152e+00,  -7.63502008e+00, 
              5.06797936e+00,   3.87153060e+00,   9.06830536e+00,  -2.25286356e+00,  -4.21375888e+00, 
              4.05835986e-01,  -4.67822997e+00,   3.60169216e+00,  -1.99629164e+01,  -3.13214983e+00, 
             -8.84968042e+00,   5.39212302e+00,   1.58128119e+00,   1.37044104e+01,  -3.57628539e+01, 
              1.89096964e+01,  -3.37134282e+01,  -6.45995701e-01,  -2.42736166e+01,  -5.48662645e+01, 
             -4.93276276e+00,   3.85516057e+00,   1.27784888e+01,  -1.11502945e+00,  -5.63614399e+00, 
             -2.30524924e+00,   1.83979871e+00,  -6.18771860e+00,   6.79692155e-01,   1.65875468e+00, 
             -6.17238015e+00,   1.38380999e-01,   9.45180221e+00,  -2.14325079e+01,  -2.46440251e+01, 
             -2.84014730e+01,   6.16806552e+00,   2.02590622e+01,   2.35818919e+01,  -5.02166882e+00, 
              1.75784970e+01,   1.61391513e+00,  -3.48131768e+01,  -3.16317975e+01,   4.15663636e+01, 
             -4.11670661e+01,  -1.83693039e+01,  -5.39843836e+01,   3.52320374e+01,  -8.79147810e+00, 
             -5.01544755e+01,  -1.60541055e+01,  -3.80206777e+00,  -2.97088384e+01,   1.31523698e+01, 
             -2.50054213e+01,  -1.03605219e+01,  -1.88259263e+00,  -4.78898067e+00,  -1.28199554e+00, 
              1.59565174e+01,   9.97730569e+00,  -1.38813833e+00,   6.06789027e+00,   1.92965610e+00, 
              8.45141601e+00,   2.15285427e+00,  -1.13558773e+01,   7.66298537e+00,   1.32007761e+01, 
              1.10480474e+01,  -4.49111719e+00,  -3.00156299e+00,   5.22805888e+00,   2.35198180e+01, 
             -6.50597146e+00,  -1.45869157e+01,   3.78613376e+01,   2.40896426e+00,  -2.18249638e+01, 
              5.90978483e+00,   1.30181283e+01,  -1.57267054e+01,  -1.09140604e+01,   4.95527217e+00, 
              8.47465898e+00,  -4.13480566e+00,  -1.07101261e+01,   1.10461113e+01,  -1.22570339e+01, 
              6.53556882e+00,   6.74070594e+00,   1.68849859e+01,   1.05801744e+01,   2.65722856e+00, 
             -2.37818420e+01,   2.45946926e+01,  -3.76825314e+00,  -4.09361833e+01,   2.77212998e+01, 
              4.91142338e+00,   1.27633065e+01,  -1.82091935e+01,   1.27622936e+01,  -3.11929755e+01, 
              1.68623571e+01,  -1.11350219e+00,   4.63529328e+01,   1.76239370e+00,   3.56517303e+01, 
             -1.43558116e+01,   6.79985751e+00,  -5.81552210e+00,   8.01806881e-02,   1.40516584e+01, 
              5.81048355e+00,  -3.31854690e+00,  -2.93361574e+00,   1.27022568e+00,  -1.69409684e+01, 
              3.62594926e+00,   3.58420979e+00,  -2.38499190e+00,  -7.25995221e+00,   2.50807801e+00, 
             -2.07818303e+00,  -2.12013396e+00,  -1.13710913e+00,   4.63752576e-01,   1.78412200e+00, 
              7.16970006e+00,  -1.41914701e+01,  -6.32882087e+00,  -1.84460601e+00,   2.56561147e+00, 
             -1.74553077e+01,   5.92436334e+01,  -1.39201707e+01,  -1.28168571e+01,   2.76815697e+01, 
             -8.18571577e+00,  -2.09624747e+00,  -9.06847672e+00,   1.27252622e+01,  -1.46590723e+00, 
              2.86258933e+00,   8.99236480e+00,  -2.55316578e+00,  -5.70366164e+00,   3.40199248e+00, 
             -1.40823851e+00,  -8.21621846e+00,  -8.20428008e+00,  -2.03594718e+01,   1.92888563e+01, 
              1.76261045e+01,  -2.35505909e+01,  -2.83750477e+01,   1.36243092e+00,  -2.14324700e+01, 
              7.65677905e+00,  -6.05866806e+01,  -6.50947190e+00,  -9.22252429e+00,   4.88882049e+00, 
             -1.16088095e+01,   7.17233285e+01,  -1.63876101e+01,  -5.30320185e+00,   2.36923066e+01, 
              6.70306775e+00,   1.14642031e+01,  -2.69928250e+01,  -1.36938012e+01,   1.28845416e+01, 
              2.06806293e+01,  -1.53750958e+01,  -2.28997783e-01,   4.09509986e-01,  -2.66615845e+00, 
             -1.08250637e+00,   9.94336406e+00,  -2.73813653e+00,  -1.00521937e+00,  -1.32744700e+00, 
              5.80214415e+00,   2.56434000e+00,   1.34751370e+01,  -4.54723533e+00,  -7.93683218e+00, 
              3.56761587e+00,   6.18694070e+00,   1.88814934e+00,  -9.98956893e-01,  -1.05193798e+01, 
             -1.71180003e+01,  -7.69450934e+00,   1.73825430e+01,  -7.10360869e+01,  -3.40913241e+01, 
              1.50873327e+01,   6.90446680e+00,  -2.71368045e+00,  -2.66033646e+00,  -5.42696214e+00, 
              3.42917473e+00,   1.70365238e-01,   8.94157001e+00,  -6.77872747e-02,   1.13969837e+01, 
             -2.13402143e+00,  -5.25364750e+00,  -2.35388027e+01,   3.70421510e+01,   1.25663031e+00, 
              3.46473775e+01,  -2.71533495e+00,   7.23122382e+00,   3.94317127e+01,  -1.89823875e+01, 
             -6.61560881e+00,   8.50233905e+00,   2.05371884e+01,  -2.15610700e+01,   4.92314747e+01, 
             -3.57083874e+01,  -1.54978923e+01,  -4.07648924e+01,  -3.41130844e+01,  -2.22461846e+01, 
              2.13839821e+01,   2.28594884e+01,   2.29460212e+01,  -1.95103298e+01,   1.69997467e+01, 
             -3.58332103e+01,  -1.04500923e+01,   6.38238034e-01,  -1.07042338e+00,  -7.23184733e+00, 
             -6.00979012e+00,   6.20359193e+00,  -6.40584633e+00,  -1.27638774e-01,  -4.45324791e+00, 
              1.02633095e+01,  -1.20948573e+01,   2.63855664e+00,  -7.29685080e+00,  -9.53025898e+00, 
              6.89549798e+00,  -6.02897363e+00,  -9.10677411e+00,  -1.68965665e+01,   6.69573813e+00, 
             -4.64138144e+01,   4.92430456e+01,   9.22699670e+00,   4.86333268e+00,   6.13835343e+00, 
              6.98631234e+00,   8.81998920e+00,  -1.24034027e+01,  -6.10487187e+00,   1.13511796e+01, 
             -2.48879881e+00,   1.21892168e+01,   5.60916893e+00,  -1.31872925e+01,  -7.61126988e+00, 
              1.05407209e+01,  -7.24234474e+00,   3.55041315e+01,  -2.19954519e+01,   1.45024037e+01, 
             -9.49672724e+00,   1.21691437e+01,   2.69402415e+01,   5.06209043e+00,   2.03493848e+01, 
              3.71827237e+01,  -1.24535958e+01,  -1.25989534e+01,   1.85845439e+01,  -2.63070593e+01, 
              3.70153116e+00,  -1.65908609e+01,  -5.94130869e+00,  -2.51366584e+01,  -1.30010863e+01, 
              2.37530119e+01,  -2.17848277e+01,   5.39158054e+01,  -1.98203678e+00,   6.59904238e+01, 
              4.25556832e+01,   2.85768253e+00,   1.30057598e+01,  -1.13955876e+01,   4.07052880e+00, 
             -1.64838608e+00,  -2.33606251e+01,  -4.47539055e+00,   9.46471415e+00,   1.15830297e+01, 
             -1.62066861e+00,   3.14891310e+00,  -9.80146270e+00,  -2.41886855e+00,  -2.59905492e+00, 
             -3.07473139e+00,   7.76155132e+00,   1.44099767e+00,   5.12915447e+00,   6.27480478e+00, 
             -2.99221204e+01,   2.30399408e+01,   5.19627023e+00,   9.54574873e+00,  -3.08554472e+01, 
             -6.37016670e+00,  -7.23502974e+00,  -1.14103419e+01,  -2.31872524e+00,   1.99199159e+00, 
             -3.23372536e-01,   1.16568278e+01,   7.53310748e+00,   8.92482427e-02,  -4.99525772e+00, 
              1.33182946e+01,  -1.19458385e-01,   3.35565072e+01,  -2.20173331e+01,   1.77496592e+01, 
              1.61401709e+01,  -2.01987237e+00,   4.04521243e+00,   2.78751061e+01,  -7.71983958e-01, 
              1.17469101e+01,   7.46997242e+00,  -1.72508950e+01,   1.76936525e+01,   1.18536085e+00, 
             -7.01423735e+00,   7.68367700e+00,  -1.56836291e+01,   4.46757189e+00,   1.39421691e+01, 
             -3.37672475e+01,   1.77289834e+01,  -3.03538175e+01,  -3.41970842e+01,   5.43434578e+01, 
              2.80207613e+01,   8.61430956e+00,  -1.20466794e+01,   9.68509941e+00,  -4.94163200e+00, 
              6.97292230e+00,  -1.29663610e+01,  -1.01247807e+01,   1.07154664e+01,   8.46918383e+00, 
              6.44519774e+00,  -7.88355605e+00,   2.83256914e+00,   1.06786316e+01,   5.50398479e+00, 
              3.55076176e+00,   2.51101942e+00,   3.64017238e+00,  -1.33888226e+00,  -8.60726201e+00, 
              2.54413703e+01,  -1.00786054e+01,   2.57914717e+01,  -4.44503628e+01,  -5.25333939e+01, 
              3.94202522e+00,  -2.71810347e-01,  -3.75375832e+00,   3.75686504e+00,  -9.18484700e+00, 
             -3.61681673e+00,  -4.87954206e-02,   3.75060910e+00,   3.08751176e+00,   8.74111269e+00, 
             -1.22862326e+01,  -1.39403193e+00,  -2.41149660e+01,  -4.86859212e+01,  -5.82227701e+01, 
             -7.83165077e+00,  -1.09547320e+01,   2.58131222e+01,   4.95849475e+01,  -3.59756832e+01, 
              4.29337033e+01,  -4.68907248e+00,   1.11846008e+00,  -5.20867076e+01,  -2.30358210e+01, 
              2.92851814e+01,  -7.69194004e+00,   1.79135599e+01,   6.71842152e+00,  -1.17067938e+01, 
              1.26839699e+01,   2.86189681e+01,   1.07391439e+01,   8.78203949e+00,  -4.91949233e+01, 
              4.52853639e+01,   4.84355215e+00,  -2.25221884e+00,   8.88681595e+00,  -2.46328742e+01, 
              8.13228500e+00,   3.08115019e+00,   6.74961852e+00,   5.15988075e+00,  -4.33199331e+00, 
             -1.83338841e+01,   9.87735692e+00,   1.23316701e+01,   6.04072652e+00,   3.45866829e+00, 
             -1.85405161e+00,   4.02546115e-03,  -1.84350844e+00,   5.71271486e-01,  -2.32646698e+01, 
              6.48270868e+00,  -2.03479414e+01,   9.51359602e+00,  -3.18918004e+01,  -6.60683196e+00, 
             -8.58374273e+00,   1.72517253e+00,  -9.42259002e+00,   2.18264723e-01,  -1.01316365e+01, 
              3.66190657e+00,   7.62979044e+00,  -1.09968658e-02,   9.56468386e+00,   2.90617026e+00, 
              1.14831876e+00,   1.72980040e-01,  -1.98452089e+01,   1.95595337e+00,  -1.08579951e+01, 
             -8.42402744e+00,  -7.24305383e+01,   8.95370829e+00,  -2.19077169e+01,  -2.93129087e+00, 
              5.56800928e+00,  -5.93893422e+01,   5.44153310e-01,   4.24678540e+01,  -5.36400177e+01, 
             -4.41829641e+01,  -3.34404219e+01,   2.59986242e+01,   8.30048891e+01,  -4.17660634e+01, 
             -2.84017684e+01,  -2.64392438e+01,  -7.21967396e+00,   1.45089058e+01,  -2.96868451e+01, 
              2.40895374e+01,  -1.34980663e+00,  -1.05568354e+01,   7.15374038e+00,  -1.20746790e+00, 
              1.53889132e+00,  -8.33633265e+00,  -9.86886604e+00,   4.15438507e+00,  -1.76882456e+00, 
              1.22759495e+01,   5.30349445e+00,   8.48685592e+00,   8.64352695e+00,   4.46473831e+00, 
             -5.58483804e+00,   1.00232777e+01,  -9.91777901e+00,   1.33546563e+01,  -3.48504671e+01, 
              1.81739738e+01,   2.73824582e+01,  -6.04853987e+00,   3.04676091e+01,  -2.30955917e+01, 
              4.74309988e+00,   5.60775797e+00,  -1.60519924e+01,  -1.54863994e+01,  -3.12901763e+00, 
              8.28197553e+00,   1.86740729e+00,  -3.89899707e+00,   1.34311055e+01,   4.04272886e+00, 
              1.16241427e+01,  -2.06592200e+00,  -9.73126347e+00,  -3.86137392e+01,   2.93583732e+01, 
             -1.53138901e+01,   1.35150921e+00,  -2.68799406e+00,   1.26868960e+01,   6.94510710e+00, 
              5.68006307e+01,   1.88128952e+01,  -1.81767359e+01,  -4.15412328e+01,   1.37001380e+01, 
              2.42242576e+01,  -9.55777396e+00,  -3.61956908e+00,   2.93017933e+01,  -2.35607873e+01, 
             -5.29507551e+01,   5.34918286e+01,   2.40338010e+01,  -6.94280849e+00,  -1.03631328e+01, 
              1.74677380e+01,   1.06577026e+01,  -2.36621265e+00,  -4.06020116e+00,   5.55490224e+00, 
              8.34396666e+00,  -5.96560206e+00,   4.89203840e+00,   1.86468602e+01,   1.15995893e+01, 
              8.99695844e+00,  -5.53287174e+00,  -1.03041070e+00,  -7.85267787e+00,  -7.34449391e+00, 
             -9.24280787e+00,  -2.01674447e+00,   2.61291289e+00,   5.23521472e-01,  -2.32999359e+01, 
             -3.03043300e+01,  -2.15171911e+01,  -1.96984864e+01,   2.76077196e+01,  -3.96228635e+00, 
              1.19026353e+01,  -1.98641903e+00,  -3.29732059e+00,  -9.74010584e-01,  -1.46428789e+01, 
             -7.45397086e+00,  -5.38553533e+00,   1.57099551e+00,  -9.77375192e-01,  -1.87948028e+01, 
              4.03447187e+00,  -4.96562207e+00,   2.53924054e+01,   4.38339294e+00,   2.94638101e+00, 
             -5.45140018e+01,   5.23350049e+00,  -3.10734307e+01,  -2.37481084e+01,   1.62003408e+01, 
              1.86426077e+01,   3.01587899e+00,  -1.87854824e+01,   3.33628637e+01,  -1.75592331e+01, 
              2.75907444e+01,  -6.80010195e+00,   7.68027443e+00,   4.44188833e+01,   9.87907524e+00, 
             -1.07510752e+01,   1.22074846e+01,  -2.97733511e+01,  -1.46243473e+01,  -2.99157876e+01, 
             -3.05553226e+01,  -4.99765346e+00,  -3.19147133e+00,  -3.36758220e+00,  -1.80487483e-02, 
              7.37485611e+00,   5.18443843e+00,   1.23617061e+00,  -3.91116211e+00,   6.10798619e+00, 
             -6.29811449e+00,  -7.43731875e+00,  -2.03355915e+00,   1.44343765e+00,  -3.85742851e+00, 
             -4.86603487e-01,  -1.81384004e-01,  -1.49894925e+00,   3.05480045e+00,  -4.18637364e+01, 
              3.26591419e+01,   8.44108269e+01,   2.28883291e+01,   1.59833186e+01,   1.18158771e+01, 
              2.92837354e+00,  -4.44253831e+00,  -6.44862321e+00,  -1.29224751e+00,   1.15006579e+01, 
              2.95490898e+00,   5.42845467e-02,   7.06081190e+00,  -1.24996324e+01,   1.24270425e+00, 
             -2.87717359e+00,  -4.79448421e+00,  -2.59684858e+00,   1.57172500e+01,   2.99027215e+01, 
              1.29525440e+01,   1.65378954e+01,   9.26001911e+00,   2.44399645e+01,   7.32444643e+01, 
              2.67518977e+01,   2.19183398e+01,   1.57170851e+01,  -5.06834038e+01,  -2.03560072e+01, 
              3.37105387e+01,  -2.34158257e+01,  -3.23378440e+01,  -1.89334551e+01,  -3.38348955e+01, 
             -1.47933139e+01,  -1.45900735e+01,  -2.10592299e+01,   1.32558843e-01,   2.64332565e+01, 
              1.18048099e+01,   2.34094906e+00,  -1.04733096e+01,  -6.32776176e+00,  -8.21404017e+00, 
             -1.30369482e+01,  -1.11639529e+00,   6.79485822e+00,  -4.87361899e+00,   7.50029112e+00, 
              5.46034368e+00,   3.02442952e+00,  -8.53112494e+00,   5.42323531e+00,   3.09913747e+00, 
              3.47281257e+00,   7.34463153e-01,  -4.12459011e+00,  -1.01294694e+01,   3.74982060e+01, 
             -3.56621284e+01,  -6.50722910e+00,  -2.66492947e+01,   3.51717331e+01,  -1.38331313e+01, 
              4.61917238e+00,   8.09220849e+00,   2.39914271e+00,  -1.67500190e+00,   1.05085149e+01, 
             -2.76718485e+00,   1.68202179e+00,   6.45596170e+00,   1.05188428e+00,   2.00967254e+00, 
              1.23986337e+01,  -6.14335097e+00,  -4.20112848e+00,   6.66052904e+00,  -3.18550089e+01, 
              3.53778532e+01,  -3.10253570e+01,  -2.50278264e+01,  -3.88001396e+01,   5.08470931e+01, 
              5.94163540e+01,  -6.23904565e+00,   1.72376630e+01,   3.54051032e+01,   2.88641916e+01, 
              3.46923473e+00,  -1.20713642e+00,   2.59801808e+00,   1.72567047e+01,   5.09492082e+01, 
             -4.47746020e+01,   2.02876158e+01,   3.69990398e+01,  -3.43102184e+01,   1.62765819e+01, 
             -3.34597298e+01,   3.02048192e+00,   1.31644414e+00,  -2.87541010e+00,   5.85422229e+00, 
              3.85888564e-01,  -8.85655524e+00,  -2.13693421e+00,  -9.14064472e+00,  -4.41282833e+00, 
              1.91814691e+00,   1.18856918e+01,   1.66279213e+00,  -4.22324904e+00,   9.29976998e+00, 
             -4.06739633e+00,   1.27972111e+00,  -5.08700752e+00,   6.21337056e-01,   1.75023791e+01, 
             -1.74824948e+01,   1.22639922e+01,   2.22161650e+01,   1.18431976e+01,   2.48947730e+01, 
              8.45603520e+00,  -8.74056263e+00,  -6.88991474e+00,  -9.42638396e+00,  -1.55236254e+00, 
             -1.32962971e+00,   1.10038570e+01,  -1.37546607e+01,   4.40872978e+00,   5.28650405e-01, 
             -1.74887977e+00,   4.42929953e+00,   8.04768045e+00,  -3.91343349e+01,   1.39346753e+01, 
             -1.36324830e+01,  -8.48626837e+00,  -1.30225866e+01,  -1.83356715e+01,   3.33941274e+01, 
             -1.01069165e+01,  -3.18063257e+00,   6.09278700e+00,  -4.06568982e+01,  -1.02278296e+02, 
             -2.55440373e+01,   2.34252885e+01,   1.74924432e+01,  -5.31232899e+01,   3.10817480e+01, 
              3.13117546e-02,  -1.68011325e+01,  -1.92485624e+01,   1.09196636e+01,   2.62547867e+01, 
             -1.54852988e+01,   8.06979576e+00,   8.42409559e-01,   2.53808003e-01,   4.92095686e+00, 
             -9.04871962e+00,  -6.89223922e+00,  -1.39289303e+01,   4.84553507e+00,   3.10554736e+00, 
              5.18650690e+00,   9.34025336e+00,  -1.61497178e+01,   1.74730747e+01,  -9.01159774e+00, 
             -1.97093482e+00,  -8.65207129e+00,  -4.75695777e+00,  -1.95320509e+01,  -8.29962116e+00, 
             -2.00863952e+01,  -1.04208818e+01,   5.42125644e+00,   7.90387553e+00,  -2.94036415e+01, 
             -9.28435704e+00,  -7.98141438e+00,  -7.37715724e+00,   1.52870775e+01,   8.31248391e+00, 
             -1.34774233e+00,  -1.21573409e+01,   6.63568346e+00,   1.25267150e+00,  -1.18125835e+01, 
             -1.77916062e+01,   9.54255543e+00,  -1.02217355e+01,   1.09121689e+01,   2.60625969e+01, 
              2.84229518e+01,  -4.32401780e+01,  -1.71429922e+01,  -1.00231938e+00,  -5.92090983e+00, 
              1.38451591e+01,   9.87944453e+00,  -2.78705745e+01,   1.83049586e+01,  -1.97025925e+01, 
             -4.93413450e+01,  -1.02071909e+01,  -4.14846919e-01,  -2.32856847e-01,  -2.97927693e+01, 
             -7.24629154e+00,   5.90579930e+01,  -2.39402496e+01,  -2.87330441e+01,   2.88376299e+01, 
              4.32397957e+01,  -3.87037361e+00,   3.99220992e+00,   1.52930236e+00,  -9.36477894e-02, 
             -2.29666267e+00,  -6.42986142e+00,   6.57163018e+00,  -1.06326073e+01,  -3.02213841e+00, 
              5.11390029e+00,   3.43957723e+00,   5.72790986e+00,   4.73082490e+00,  -9.30692616e+00, 
              1.14881383e+01,   1.10509843e+01,  -8.35250631e+00,   1.56724281e+01,  -2.53477568e+01, 
              5.65670283e+01,   2.96427951e+01,   1.63337052e+01,  -4.37323286e+01,   6.86763601e+00, 
              6.90127799e+00,   2.96861282e+00,  -3.41815670e+00,  -5.82095788e+00,  -1.22694350e+01, 
              9.44955503e+00,   5.10378799e+00,   4.67798990e+00,   4.18584302e-01,   3.89722825e+00, 
              5.42229022e+00,  -3.34550192e+00,   2.62277937e+01,   3.25399983e+01,   2.48210893e+01, 
              4.00130106e+01,   2.38625049e+01,  -2.33186080e+01,  -2.95232259e+01,   6.48472500e+00, 
             -2.59196095e+01,   6.39330558e+00,  -8.10871552e+00,  -9.86799533e+00,   6.17196335e+00, 
              4.86864765e+01,  -1.02620703e+01,  -3.23395003e+01,  -2.79008063e+01,  -3.19280965e+00, 
              2.69027783e+01,   1.22412699e+01,   1.57382732e+01,  -1.46563059e+01,  -3.14697867e+01, 
             -4.25221994e+01,  -2.23377142e+00,   3.25745120e+00,   4.33606380e+00,  -4.73904693e+00, 
              9.51177297e+00,   1.97877578e+00,   6.52338605e+00,   1.66867119e+01,   4.91293823e+00, 
             -3.73795282e+00,   5.72171624e+00,   2.85020970e+00,   3.62022999e+00,   3.51395651e+00, 
             -4.70882828e-02,   1.10275355e+01,   2.01894365e+00,  -9.75736283e-01,  -2.87427367e-01, 
              1.81841169e+01,   3.10387105e+00,  -8.37557817e+00,   5.06856030e+00,   3.41403090e+01, 
              2.48107814e+00,  -1.72057478e+00,  -7.57193395e+00,  -2.02794905e+00,   1.01874296e+01, 
             -8.18484492e-01,  -9.01416803e+00,  -1.18747827e+01,  -6.28563011e+00,  -3.58764603e+00, 
              5.72199396e+00,   1.78187174e+00,  -2.92712780e+01,  -3.19751250e+01,  -3.86720973e+00, 
              1.19524292e+01,   2.30659716e+01,   5.83499002e+01,  -7.56988252e+00,  -2.07930104e+01, 
             -5.17241158e+00,  -1.17675075e+01,   1.77928160e+01,   6.89503523e+00,   1.62352416e+01, 
             -3.44016710e+01,  -1.85198576e+00,  -1.01279000e+01,  -3.22714629e+01,   5.21992676e+01, 
             -1.75267192e+01,  -3.60484912e+01,   2.87705907e+00,   2.74431134e+01,  -2.18325282e+01, 
              8.60761009e+00,   9.37741612e+00,   5.87917732e+00,  -7.34591332e+00,   1.56255150e+00, 
             -3.54506992e+00,  -5.54135146e+00,   9.85928389e+00,   1.93956060e+00,   1.76835830e+00, 
              6.74346300e+00,  -6.41535343e+00,   5.84361496e+00,  -6.36218718e+00,   1.85467930e+00, 
              1.62932830e+00,   2.10789216e+00,  -9.90086311e+00,  -6.43000471e+00,  -4.10476890e+01, 
              3.21859681e+01,  -7.57038111e+01,   4.76677849e+00,  -5.52178016e+00,  -2.03906615e+01, 
              1.95540584e+00,  -8.30956536e+00,   1.99412825e+00,   1.16493342e+01,  -5.86692285e+00, 
             -7.98159265e+00,   5.14575353e+00,  -2.15889224e+00,   2.89355894e-01,  -6.29301744e+00, 
             -1.53371761e+01,   4.07904822e+00,  -1.55378783e+00,   7.95081599e+00,   2.14750021e+01, 
              2.29209748e+01,  -2.46778566e+01,   2.97152590e+01,   5.60246571e+01,  -1.86808591e+01, 
             -3.50741721e+01,  -9.42044323e+00,   4.05109103e+00,   6.05319049e+01,   5.66999911e+01, 
             -4.64349578e+01,  -6.81053853e+01,   4.34936892e+01,   3.53241893e+01,  -4.24667929e+00 ]
         </p>
         <m shape='(20)'>
          [   2.55327253e+04,   2.55327253e+04,   1.83736223e+03,   1.83736223e+03,   1.83736223e+03, 
              1.83736223e+03,   1.83736223e+03,   1.83736223e+03,   2.18941669e+04,   2.18941669e+04, 
              1.83736223e+03,   1.83736223e+03,   1.83736223e+03,   1.83736223e+03,   2.18941669e+04, 
              2.18941669e+04,   2.91651223e+04,   2.91651223e+04,   2.91651223e+04,   2.91651223e+04 ]
         </m>
         <names shape='(20)'>
          [ N, N, H, H, H, 
            H, H, H, C, C, 
            H, H, H, H, C, 
            C, O, O, O, O ]
         </names>
      </beads>
      <cell shape='(3, 3)'>
       [   1.00363353e+01,   7.46807513e-16,  -4.18009184e+00,   0.00000000e+00,   1.21962922e+01, 
           9.14822931e-16,   0.00000000e+00,   0.00000000e+00,   9.91496813e+00 ]
      </cell>
   </system>
</simulation>
