<simulation verbosity='high'>
   <prng>
      <seed>4441</seed>
      <state shape='(624)'>
       [ 1685445302, 1238677889, 4202703737, 3179540230, 3821714332, 
         3819861885, 2138762645, 345567684, 3714715097, 409434683, 
         3790759536, 3249842685, 277407943, 2513022163, 165655110, 
         3517244459, 1267023410, 2129628001, 471502388, 2296226965, 
         928187576, 1392384168, 3799704693, 2803554515, 3716725791, 
         2574089371, 2720059037, 1953231847, 3177167244, 2518644269, 
         1749185733, 3019472432, 2264422266, 3988006051, 21684893, 
         1775253987, 730809101, 3503401083, 2207054287, 4127989327, 
         2461538122, 51707773, 1082278590, 1428043024, 1635181820, 
         1269933703, 1032060402, 2312563142, 288454841, 470192214, 
         3970525584, 3644114557, 3799580226, 1701312211, 3583177460, 
         3675266844, 687300729, 2996579813, 3856569804, 341584330, 
         737380646, 2062472515, 528238279, 3240043657, 4072200956, 
         1322632478, 288552026, 35490185, 3809449816, 3182168652, 
         3244955084, 403174500, 1099895763, 301066397, 1189641224, 
         1008881485, 3300402641, 4162428836, 2041095511, 152631788, 
         2676917045, 3087186379, 2745828569, 560526, 994107438, 
         1464915599, 733021805, 2918103310, 4036015861, 59502690, 
         1668433190, 1320837449, 1576521877, 2652784610, 1092656621, 
         3359609702, 2399757126, 1338635613, 2928577032, 2298252538, 
         145671255, 3102262081, 4009269285, 2884791589, 749209258, 
         1835991822, 2997971839, 869883080, 3839069582, 1032179381, 
         2354106931, 638317872, 1004412708, 4293737019, 3491110943, 
         734823418, 3946546945, 417265636, 408260562, 123841101, 
         1123198563, 1297316688, 3050582784, 2615770930, 39591066, 
         997974000, 2154630827, 1208006062, 1130313863, 144393149, 
         1825087630, 1871880432, 2312590727, 3125262909, 496154736, 
         2318704736, 117919286, 2797335688, 1786039356, 2796450929, 
         3878539162, 507377926, 1134058649, 3739658852, 2511410592, 
         1525129886, 1043227851, 1309210971, 2644032089, 1100007345, 
         231211741, 1919943296, 2740675248, 1082458574, 590888196, 
         3035693630, 1169920898, 3808361726, 1312974847, 141009722, 
         3804790006, 1983739826, 3917587836, 3278608599, 3559079889, 
         2103575397, 1493425817, 2347707046, 2997041260, 2051480465, 
         4224915453, 2723367426, 619135645, 2620328131, 994591250, 
         2394066057, 1046024419, 2514863378, 280354969, 1200932667, 
         3999354633, 3501813623, 3650995581, 2748155209, 3823181093, 
         1767521080, 3821841662, 931936334, 220007314, 558043160, 
         1986118909, 4098987785, 1236203460, 4290367981, 3171294920, 
         2429616928, 598820267, 1859443541, 3431078857, 2929935042, 
         1623306153, 2854029725, 648024872, 2085992006, 3320731631, 
         3245001541, 2661090259, 942175263, 3007983897, 1801300930, 
         3417235577, 3630915123, 2781963399, 50096139, 263951180, 
         2890207039, 1680965924, 1506083921, 3953516945, 2818816621, 
         478791619, 1382608946, 3019925662, 1267211298, 1461177488, 
         2451130117, 547752871, 1644543672, 568291490, 2834972602, 
         748482574, 1143354578, 753763072, 3135788319, 2068035653, 
         2981522784, 3117450289, 2640468845, 116181380, 2799204524, 
         4132008080, 3099375758, 2712378021, 144186052, 3434005458, 
         2707510427, 2182907026, 1774607886, 2541572497, 3160798210, 
         1037588660, 3731203566, 2545741916, 2863016570, 133856726, 
         2464213803, 2743793024, 3968101926, 1619507515, 2864829848, 
         2687446003, 3486907769, 412776251, 2149931734, 3971296217, 
         1970437806, 4121320930, 646547509, 2693649420, 2710941879, 
         167678558, 1045950749, 890838477, 2269712300, 1112512012, 
         687557508, 2922556506, 171624371, 2004252593, 237965831, 
         2104404987, 3201813117, 4175493459, 1317915383, 3231065430, 
         2673080273, 2241379279, 279607486, 2868503640, 2311089561, 
         2484462518, 517711742, 2140847954, 2593217734, 2074693159, 
         939639747, 3409864287, 2483457337, 3364946222, 2858447591, 
         3877850965, 3510902190, 678004429, 115269343, 1370729126, 
         3875208597, 2821762354, 355080547, 1599901614, 956541244, 
         3533990914, 2781140063, 4114663309, 2477888655, 3816813086, 
         1146652999, 501896081, 3750211530, 1066257561, 3033378598, 
         970753939, 2200509866, 2043922003, 2793650315, 4261104110, 
         4184955783, 3667800215, 221685015, 442451226, 703410508, 
         4212771365, 2506223163, 1777340534, 236147504, 1847945452, 
         2928349719, 3759711135, 1252766158, 3409563620, 2813010554, 
         4135384276, 1776000645, 34866731, 914843403, 3193623350, 
         982293491, 4045104553, 1622090408, 301048225, 3890400227, 
         775984727, 529220186, 2639114580, 2747506805, 3932966424, 
         1116003837, 362280403, 3052581710, 1736233316, 1568712522, 
         1134171188, 2328680203, 804311440, 1281296824, 94814707, 
         2540348474, 3608781210, 1489892583, 1324822438, 1638221170, 
         1558628001, 2536011676, 2089576280, 2949697951, 3246821171, 
         2123766726, 4218766073, 4007237014, 2846402655, 1977319047, 
         1968912210, 2341378608, 1216703412, 2873218663, 2970870016, 
         3395741687, 2438778961, 2662028219, 2929045809, 595373851, 
         3001541090, 859657013, 3675585724, 889476206, 44926168, 
         1686474818, 2628565494, 3934137707, 3021596707, 918754271, 
         2961741124, 572137905, 3499351830, 2700737586, 646549757, 
         4272771068, 3796752314, 714145682, 1645859059, 792478962, 
         1320430395, 377862834, 1861367103, 1907788740, 182917871, 
         1874936872, 3833341017, 865818390, 1132188270, 3088218828, 
         1332350053, 1021656666, 2838590776, 4111307164, 2784689216, 
         891714318, 964993648, 1259176726, 1104374666, 3879797553, 
         3993315418, 4291136650, 2477131700, 1103622337, 2341749289, 
         130053512, 2475681889, 456480219, 3366770671, 2439903987, 
         4150913560, 1331458736, 2853084438, 905518780, 1622853274, 
         2396342433, 1935252049, 2924964262, 1612877385, 3905670947, 
         1354095528, 1627001008, 3423676325, 266424129, 193022700, 
         171286667, 671582738, 2685625430, 1146498993, 2517714100, 
         2556716001, 2102169345, 2184874055, 3866860565, 2711177863, 
         450689296, 480197088, 3137353639, 1591654721, 1159546599, 
         2040120401, 160204992, 2365183808, 2431918052, 2166661870, 
         2181383684, 1369285829, 2304151615, 1174976890, 2039442161, 
         780584127, 2265673328, 2037757859, 2213512698, 3047970317, 
         3491611380, 3171968465, 3254893540, 4011683910, 29088634, 
         1784779632, 602213290, 619864889, 3502035333, 2438209156, 
         3707728566, 1227815248, 3262015252, 929136732, 601057121, 
         2551353393, 1677239315, 1870157241, 3933006237, 3916297664, 
         1918198533, 997232394, 1646910189, 2014647058, 2677106609, 
         1466962866, 1117921358, 2668920972, 230732519, 2426794099, 
         1916560931, 3526948049, 4137018159, 1670216948, 1346707013, 
         3876605599, 2343523969, 2511792893, 2428320699, 1841782551, 
         1128562298, 1152964086, 3144951993, 2014089129, 896778980, 
         232176623, 874711903, 3995288176, 3237318684, 2292179419, 
         1388631358, 889108929, 3897058056, 775504081, 3499281560, 
         2971933182, 2533130992, 2706520890, 3598440419, 663763822, 
         3723319574, 278526303, 3874109826, 1248587375, 3041704515, 
         2529602373, 4256068393, 108751624, 2318435162, 927507632, 
         45573469, 2146010202, 2589281186, 4111844069, 787311828, 
         2478216132, 2939549174, 3554874648, 3781133490, 3887479309, 
         3871771759, 1802004812, 2655412108, 2991889513, 1253882437, 
         603700158, 4027062078, 4117486968, 33407164, 2321686257, 
         1862343497, 2621087935, 437093857, 829073065, 3713266297, 
         4038970324, 135258497, 1437195532, 465826899, 2403545230, 
         678096548, 2980720071, 4041744858, 1735239808, 1862196128, 
         3118832720, 3089947175, 2229588744, 1005721121, 2201323206, 
         2836369913, 953451863, 1632524072, 34136973, 2605678762, 
         1156553338, 2940676244, 3407788972, 976975719, 615409814, 
         3792811221, 2431270116, 3198329471, 3456203573, 2887573057, 
         2208810819, 1101714070, 983896244, 3741472674, 447727694, 
         3317214357, 2284581034, 3955145095, 2079394732, 640220456, 
         521312469, 3587584359, 4187133693, 4002829485 ]
      </state>
      <set_pos>312</set_pos>
   </prng>
   <output prefix='simulation'>
      <properties shape='(6)' stride='10'>
       [ step, time, pot_component_raw(0), pot_component_raw(1), temperature, 
         conserved ]
      </properties>
      <trajectory filename='pos' stride='10'>positions</trajectory>
      <trajectory filename='frc' stride='10'>forces</trajectory>
      <checkpoint stride='1000' overwrite='False'>101</checkpoint>
   </output>
   <step>100000</step>
   <total_steps>100000</total_steps>
   <total_time>  1.72000000e+05</total_time>
   <ffsocket mode='unix' name='driver-lmp-base'>
      <address>lmp-base-gb</address>
   </ffsocket>
   <ffsocket mode='unix' name='driver-lmp-delta'>
      <address>lmp-delta-gb</address>
   </ffsocket>
   <system>
      <forces>
         <force forcefield='driver-lmp-base'>
         </force>
         <force forcefield='driver-lmp-delta'>
         </force>
      </forces>
      <ensemble>
         <temperature>  9.50044560e-04</temperature>
         <eens>  4.54564883e+01</eens>
         <hamiltonian_weights shape='(2)'> [   1.00000000e+00,   1.00000000e+00 ] </hamiltonian_weights>
         <time>  2.06706865e+06</time>
      </ensemble>
      <motion mode='dynamics'>
         <dynamics mode='nvt'>
            <thermostat mode='langevin'>
               <ethermo> -9.86848716e+01</ethermo>
               <tau>  4.13413730e+03</tau>
            </thermostat>
            <timestep>  2.06706865e+01</timestep>
            <nmts shape='(1)'> [ 1 ] </nmts>
         </dynamics>
      </motion>
      <beads natoms='20' nbeads='32'>
         <q shape='(32, 60)'>
          [   8.59394781e+00,   5.48321694e+00,   2.10317836e+00,  -2.85259671e+00,   1.15886796e+01, 
              7.61124602e+00,   8.87270694e+00,   5.93044883e+00,   2.75384473e-01,  -3.52700486e+00, 
              1.21881432e+01,   9.42315708e+00,   8.38561591e+00,   3.31331224e+00,   2.78274329e+00, 
             -2.93014772e+00,   9.53537853e+00,   7.83947252e+00,   2.22515555e-01,   6.18117866e+00, 
              3.59357034e+00,   5.91033110e+00,   1.22690017e+01,   6.55374248e+00,   6.34566885e+00, 
              6.85617132e+00,   2.68428540e+00,  -1.30157072e-01,   5.08068788e-01,   7.35910562e+00, 
              4.72420528e+00,   6.32672089e+00,   1.44877784e+00,   1.11986427e+00,   1.15711254e+01, 
              8.62340543e+00,   7.04144067e+00,   9.06302070e+00,   2.66094882e+00,  -2.15705663e-01, 
              2.52986372e+00,   7.62158930e+00,   5.11762243e+00,   6.65010164e+00,   5.26115932e+00, 
              5.98963267e-01,   3.17922707e-01,   4.45102629e+00,   6.54364267e+00,   6.88359464e+00, 
              7.16534601e+00,  -9.74343123e-01,   2.83640259e-01,   2.94114158e+00,   2.87965866e+00, 
              6.12977682e+00,   5.48252514e+00,   2.94947083e+00,   7.65016705e-02,   4.16279372e+00, 
              8.61522289e+00,   5.40942024e+00,   2.11820185e+00,  -2.84483831e+00,   1.16677247e+01, 
              7.67198754e+00,   8.74441347e+00,   5.89263614e+00,   1.79799380e-01,  -3.54636574e+00, 
              1.20384659e+01,   9.61623432e+00,   8.25673531e+00,   3.71573155e+00,   2.96565938e+00, 
             -2.68322493e+00,   9.66950574e+00,   7.61555671e+00,   4.07575445e-01,   6.01399575e+00, 
              3.44992988e+00,   5.73322885e+00,   1.24346111e+01,   6.30803162e+00,   6.37004065e+00, 
              6.81693539e+00,   2.72816817e+00,  -5.09446404e-02,   5.82167239e-01,   7.40138797e+00, 
              4.48758598e+00,   6.29626202e+00,   1.31410730e+00,   1.04413114e+00,   1.18221621e+01, 
              8.52595254e+00,   7.11895249e+00,   9.00509690e+00,   2.71164950e+00,  -2.88538161e-01, 
              2.35171904e+00,   7.90744013e+00,   5.12878991e+00,   6.64794582e+00,   5.27814021e+00, 
              6.10249918e-01,   3.38349097e-01,   4.43798684e+00,   6.56303811e+00,   6.93409393e+00, 
              7.23926151e+00,  -9.98152421e-01,   3.38007966e-01,   2.92605148e+00,   2.83653616e+00, 
              6.10771630e+00,   5.44040240e+00,   2.96928040e+00,   1.00795332e-01,   4.21144131e+00, 
              8.58741300e+00,   5.43782286e+00,   2.11752054e+00,  -2.80344414e+00,   1.17083931e+01, 
              7.69610807e+00,   8.79251982e+00,   5.71569223e+00,   3.31133838e-02,  -3.52783292e+00, 
              1.19686390e+01,   9.52857230e+00,   8.38635261e+00,   3.45461556e+00,   2.75292273e+00, 
             -2.84016848e+00,   9.72553710e+00,   7.67266049e+00,   3.82004213e-01,   6.06506810e+00, 
              3.30349181e+00,   5.56972885e+00,   1.22393709e+01,   6.34281271e+00,   6.38508790e+00, 
              6.86008529e+00,   2.74802813e+00,  -6.81725473e-02,   5.34406006e-01,   7.37797129e+00, 
              4.78384520e+00,   6.61550108e+00,   1.26228186e+00,   1.02070087e+00,   1.20056859e+01, 
              8.53288050e+00,   7.00931173e+00,   9.06794632e+00,   2.85762413e+00,  -2.63294368e-01, 
              2.53793834e+00,   7.95428790e+00,   5.10306641e+00,   6.67274618e+00,   5.25793355e+00, 
              6.93670949e-01,   3.28140880e-01,   4.51903587e+00,   6.54342184e+00,   6.91821523e+00, 
              7.19901569e+00,  -1.01928136e+00,   3.52605260e-01,   3.02898599e+00,   2.83329592e+00, 
              6.13116166e+00,   5.48477270e+00,   2.97407854e+00,   1.28094944e-01,   4.23798348e+00, 
              8.58782570e+00,   5.44234823e+00,   2.15813282e+00,  -2.82957955e+00,   1.17119636e+01, 
              7.68557134e+00,   8.80245862e+00,   5.61019672e+00,   2.50077172e-01,  -3.48244949e+00, 
              1.19393753e+01,   9.39248592e+00,   8.31381867e+00,   3.43229706e+00,   2.77357975e+00, 
             -2.75545120e+00,   9.76455320e+00,   7.68345764e+00,   2.09177343e-01,   6.01824922e+00, 
              3.24473509e+00,   5.76750694e+00,   1.25205642e+01,   6.36316909e+00,   6.41579199e+00, 
              6.86377192e+00,   2.76436364e+00,  -1.21301641e-01,   5.72623491e-01,   7.35337219e+00, 
              4.77370474e+00,   6.71027849e+00,   1.51815309e+00,   9.72325801e-01,   1.20211706e+01, 
              8.73134043e+00,   6.97215599e+00,   8.88263039e+00,   2.81601864e+00,  -4.27926276e-01, 
              2.60633910e+00,   8.04915449e+00,   5.09573513e+00,   6.60778944e+00,   5.29154937e+00, 
              6.77313147e-01,   3.48928891e-01,   4.53423321e+00,   6.58389073e+00,   6.96221768e+00, 
              7.20358809e+00,  -1.06676655e+00,   3.52061004e-01,   3.01224015e+00,   2.85563637e+00, 
              6.18236984e+00,   5.48587386e+00,   2.99629234e+00,   1.50623623e-01,   4.20173090e+00, 
              8.61732806e+00,   5.45739141e+00,   2.20013030e+00,  -2.81902941e+00,   1.16998129e+01, 
              7.68621932e+00,   8.85884542e+00,   5.52475909e+00,   1.64227750e-01,  -3.43534953e+00, 
              1.19149365e+01,   9.51238629e+00,   8.07274980e+00,   3.36573341e+00,   2.56882139e+00, 
             -2.68843792e+00,   9.71140673e+00,   7.60711759e+00,   3.97196376e-01,   6.27717580e+00, 
              3.40928866e+00,   5.46922866e+00,   1.24324758e+01,   6.42471908e+00,   6.41113976e+00, 
              6.91510077e+00,   2.72396681e+00,  -1.52291331e-01,   5.90476791e-01,   7.42965560e+00, 
              4.81208339e+00,   6.86242982e+00,   1.49985195e+00,   8.22810549e-01,   1.18777394e+01, 
              8.85169749e+00,   7.08441664e+00,   8.74642647e+00,   2.90831284e+00,  -3.28803157e-01, 
              2.57814549e+00,   8.09406786e+00,   5.09876576e+00,   6.55829568e+00,   5.34215450e+00, 
              6.98081888e-01,   2.76570260e-01,   4.52357576e+00,   6.57233825e+00,   6.89933841e+00, 
              7.23192667e+00,  -1.00431555e+00,   3.35726650e-01,   2.98313596e+00,   2.88060126e+00, 
              6.15477797e+00,   5.54801202e+00,   3.00751104e+00,   1.89080902e-01,   4.22275231e+00, 
              8.60946190e+00,   5.42691279e+00,   2.13742038e+00,  -2.79908367e+00,   1.16838098e+01, 
              7.72374496e+00,   8.83229158e+00,   5.66167843e+00,   1.90554801e-01,  -3.31516791e+00, 
              1.19956962e+01,   9.39735846e+00,   8.26765912e+00,   3.20577167e+00,   2.43905870e+00, 
             -2.54122503e+00,   9.75733759e+00,   7.54849150e+00,   2.38144563e-01,   6.22297583e+00, 
              3.19912212e+00,   5.45388301e+00,   1.26398980e+01,   6.46023432e+00,   6.38962333e+00, 
              6.95618618e+00,   2.72442837e+00,  -1.70591525e-01,   6.18410591e-01,   7.39858375e+00, 
              4.69845734e+00,   6.77962152e+00,   1.47416360e+00,   9.49698257e-01,   1.17644147e+01, 
              8.83729158e+00,   7.10764528e+00,   8.61262147e+00,   2.93831972e+00,  -2.71176101e-01, 
              2.50664965e+00,   8.33370065e+00,   5.07694643e+00,   6.49208520e+00,   5.30566595e+00, 
              6.59557813e-01,   2.67730921e-01,   4.54229682e+00,   6.63420489e+00,   6.89214698e+00, 
              7.22062108e+00,  -1.02029483e+00,   3.49166874e-01,   2.96823190e+00,   2.88579924e+00, 
              6.15429398e+00,   5.55378472e+00,   3.00413365e+00,   1.34456423e-01,   4.24111378e+00, 
              8.55059962e+00,   5.35322712e+00,   2.19752422e+00,  -2.80621511e+00,   1.16923681e+01, 
              7.73966488e+00,   8.91946233e+00,   5.69371058e+00,   2.54523139e-01,  -3.31504546e+00, 
              1.20622351e+01,   9.57229726e+00,   8.29749432e+00,   3.05140998e+00,   2.33955050e+00, 
             -2.65660193e+00,   9.86295722e+00,   7.73512082e+00,   1.50282856e-01,   6.05110181e+00, 
              3.38095551e+00,   5.73400194e+00,   1.24480089e+01,   6.75222180e+00,   6.40262254e+00, 
              6.91644762e+00,   2.65970340e+00,  -1.40971906e-01,   6.32398273e-01,   7.34648101e+00, 
              4.99312360e+00,   6.77500305e+00,   1.33667739e+00,   1.06268629e+00,   1.16499038e+01, 
              8.78591891e+00,   7.23105826e+00,   8.58346329e+00,   2.80408708e+00,  -5.99753114e-01, 
              2.56057190e+00,   8.01150894e+00,   5.10651498e+00,   6.52842067e+00,   5.32406851e+00, 
              7.07748299e-01,   2.97551180e-01,   4.51700773e+00,   6.65187877e+00,   6.84928308e+00, 
              7.24087047e+00,  -9.99547346e-01,   3.73737775e-01,   2.94064982e+00,   2.88160831e+00, 
              6.16625058e+00,   5.56455312e+00,   3.05009852e+00,   1.66602594e-01,   4.22073556e+00, 
              8.51962341e+00,   5.32798377e+00,   2.15084506e+00,  -2.79849120e+00,   1.16901198e+01, 
              7.75409807e+00,   8.86505715e+00,   5.59866690e+00,   3.65979706e-01,  -3.44924911e+00, 
              1.19880372e+01,   9.51973611e+00,   8.42309955e+00,   3.24270769e+00,   2.33380360e+00, 
             -2.65872673e+00,   9.62098860e+00,   7.63565995e+00,   1.53902642e-01,   5.85918915e+00, 
              3.34975750e+00,   5.78543612e+00,   1.27934880e+01,   6.89841062e+00,   6.44134365e+00, 
              6.93572608e+00,   2.66163902e+00,  -2.07124880e-01,   6.35187586e-01,   7.32955815e+00, 
              4.86355795e+00,   6.65910305e+00,   1.43444732e+00,   1.10235258e+00,   1.16535869e+01, 
              8.67996285e+00,   7.11552123e+00,   8.59501440e+00,   2.83242200e+00,  -5.12278819e-01, 
              2.67815554e+00,   7.96535282e+00,   5.09684338e+00,   6.57315334e+00,   5.31541056e+00, 
              6.76278791e-01,   3.42354362e-01,   4.50369242e+00,   6.65480461e+00,   6.78247870e+00, 
              7.23174957e+00,  -1.02187497e+00,   3.58703044e-01,   2.94776957e+00,   2.82656183e+00, 
              6.13579618e+00,   5.59315628e+00,   3.03592465e+00,   1.54192671e-01,   4.20858274e+00, 
              8.51680834e+00,   5.36299852e+00,   2.17455728e+00,  -2.81628925e+00,   1.16475511e+01, 
              7.79956144e+00,   8.99637167e+00,   5.64026043e+00,   4.48413571e-01,  -3.48154938e+00, 
              1.20294654e+01,   9.40559114e+00,   8.39656947e+00,   3.16187326e+00,   2.50090721e+00, 
             -2.86524855e+00,   9.64499585e+00,   7.48680079e+00,   3.52320851e-01,   5.89583754e+00, 
              3.14350090e+00,   5.80274788e+00,   1.24421683e+01,   6.78769547e+00,   6.41964395e+00, 
              6.86597391e+00,   2.71120033e+00,  -2.19737681e-01,   6.57789524e-01,   7.32167880e+00, 
              4.92889396e+00,   6.66351893e+00,   1.32792931e+00,   1.08631874e+00,   1.16649966e+01, 
              8.87729492e+00,   7.14138008e+00,   8.69621098e+00,   2.95196204e+00,  -3.92912738e-01, 
              2.76669676e+00,   8.01166165e+00,   5.07375546e+00,   6.54124584e+00,   5.21411982e+00, 
              6.95341841e-01,   2.90780591e-01,   4.50786667e+00,   6.61537599e+00,   6.72971579e+00, 
              7.18553982e+00,  -1.09770552e+00,   3.55687354e-01,   2.91100167e+00,   2.82716027e+00, 
              6.13252990e+00,   5.60497177e+00,   3.00886319e+00,   1.56713819e-01,   4.21028452e+00, 
              8.59938273e+00,   5.38109902e+00,   2.11958466e+00,  -2.79049032e+00,   1.16844023e+01, 
              7.78014441e+00,   8.93815771e+00,   5.60669147e+00,   4.77334011e-01,  -3.50664410e+00, 
              1.17103613e+01,   9.44074548e+00,   8.56407021e+00,   3.35809332e+00,   2.36925991e+00, 
             -2.77755917e+00,   9.52639271e+00,   7.48722264e+00,   3.44320285e-01,   5.65220300e+00, 
              3.03011082e+00,   5.78018636e+00,   1.24228688e+01,   6.74759547e+00,   6.35100517e+00, 
              6.91329906e+00,   2.71391073e+00,  -1.97968745e-01,   6.77314017e-01,   7.33148982e+00, 
              4.77036235e+00,   6.69864741e+00,   1.21552905e+00,   1.14569763e+00,   1.15186208e+01, 
              8.99097676e+00,   6.98778398e+00,   8.84747734e+00,   2.85436710e+00,  -4.15850200e-01, 
              2.78039795e+00,   7.85000212e+00,   5.02152609e+00,   6.53055141e+00,   5.30982016e+00, 
              7.00032545e-01,   3.01539058e-01,   4.48389256e+00,   6.65007112e+00,   6.71104414e+00, 
              7.18847919e+00,  -1.07922636e+00,   3.39039440e-01,   2.92244466e+00,   2.79760332e+00, 
              6.13467970e+00,   5.59690616e+00,   2.99195127e+00,   1.31754602e-01,   4.15645295e+00, 
              8.57315543e+00,   5.41212133e+00,   2.08229713e+00,  -2.73172904e+00,   1.17306834e+01, 
              7.88183774e+00,   8.92184244e+00,   5.57944044e+00,   4.22451087e-01,  -3.61171812e+00, 
              1.18235694e+01,   9.39239812e+00,   8.24601917e+00,   3.41801434e+00,   2.48281627e+00, 
             -2.78093944e+00,   9.46420507e+00,   7.57897516e+00,   1.27446830e-01,   5.76520480e+00, 
              3.16199068e+00,   5.80247957e+00,   1.25381005e+01,   6.49756880e+00,   6.28431937e+00, 
              6.97126557e+00,   2.70784019e+00,  -1.60435180e-01,   7.42454673e-01,   7.31072822e+00, 
              4.82808159e+00,   6.56188756e+00,   1.28123997e+00,   1.17923453e+00,   1.17467934e+01, 
              8.72470220e+00,   7.07567116e+00,   8.96567390e+00,   2.92702550e+00,  -4.58294654e-01, 
              2.87033117e+00,   7.69767978e+00,   5.02244056e+00,   6.48516063e+00,   5.29543965e+00, 
              7.24756393e-01,   2.87340064e-01,   4.42823447e+00,   6.61249558e+00,   6.67235447e+00, 
              7.15021859e+00,  -1.06723198e+00,   3.21241214e-01,   2.94881312e+00,   2.79053519e+00, 
              6.11328673e+00,   5.58614248e+00,   2.96616328e+00,   1.29771022e-01,   4.17753988e+00, 
              8.59428118e+00,   5.35997368e+00,   2.14537618e+00,  -2.74949323e+00,   1.17345618e+01, 
              7.83936127e+00,   9.09939672e+00,   5.59840966e+00,   3.30188270e-01,  -3.62907357e+00, 
              1.18465625e+01,   9.31570967e+00,   8.14708440e+00,   3.60531878e+00,   2.57897637e+00, 
             -2.71490736e+00,   9.58995702e+00,   7.55937249e+00,   2.18203220e-01,   5.89425249e+00, 
              3.25193422e+00,   5.83688390e+00,   1.22822186e+01,   6.42590728e+00,   6.33161336e+00, 
              6.98157867e+00,   2.76193520e+00,  -2.15777113e-01,   7.43215946e-01,   7.31316450e+00, 
              4.76841017e+00,   6.64297051e+00,   1.25260461e+00,   1.08056331e+00,   1.17124291e+01, 
              8.80556521e+00,   6.71180748e+00,   8.84874120e+00,   2.90723063e+00,  -4.83421438e-01, 
              3.00891411e+00,   7.76930659e+00,   5.03242137e+00,   6.51727326e+00,   5.25011772e+00, 
              7.25072718e-01,   3.02639397e-01,   4.48320583e+00,   6.62201783e+00,   6.67999976e+00, 
              7.18259164e+00,  -1.04293287e+00,   3.06367722e-01,   2.89454591e+00,   2.79616572e+00, 
              6.07749053e+00,   5.47999317e+00,   2.99653518e+00,   1.16663864e-01,   4.11783488e+00, 
              8.63390596e+00,   5.33284322e+00,   2.15410811e+00,  -2.75010459e+00,   1.17517076e+01, 
              7.79281216e+00,   9.21145629e+00,   5.37720935e+00,   2.81440457e-01,  -3.55476067e+00, 
              1.18998621e+01,   9.45137411e+00,   8.33154469e+00,   3.48226886e+00,   2.73046926e+00, 
             -2.59347446e+00,   9.55910792e+00,   7.59611774e+00,   1.54063583e-01,   5.87620688e+00, 
              3.36351222e+00,   5.84918361e+00,   1.23180494e+01,   6.51400304e+00,   6.31759699e+00, 
              7.01236553e+00,   2.70565860e+00,  -2.60037385e-01,   7.47012787e-01,   7.32424343e+00, 
              4.71497491e+00,   6.43357658e+00,   1.37085466e+00,   1.09662061e+00,   1.19771911e+01, 
              9.01712863e+00,   6.73945444e+00,   8.76567346e+00,   2.92813488e+00,  -3.17799236e-01, 
              3.05797153e+00,   7.88790937e+00,   5.00860600e+00,   6.48091287e+00,   5.27912632e+00, 
              7.48611273e-01,   2.94440648e-01,   4.56737738e+00,   6.67642622e+00,   6.68374102e+00, 
              7.13816892e+00,  -1.01929946e+00,   3.29251057e-01,   2.90013687e+00,   2.79863140e+00, 
              6.08683288e+00,   5.46338143e+00,   3.01051512e+00,   1.60187119e-01,   4.16860261e+00, 
              8.60485848e+00,   5.33993123e+00,   2.12710394e+00,  -2.75782573e+00,   1.17819827e+01, 
              7.77713669e+00,   8.98796696e+00,   5.32589848e+00,   3.04448296e-01,  -3.58361180e+00, 
              1.18605404e+01,   9.51842383e+00,   8.24300711e+00,   3.59976540e+00,   2.76176708e+00, 
             -2.54021855e+00,   9.61328660e+00,   7.53486164e+00,   2.30925977e-01,   6.03556669e+00, 
              3.43922444e+00,   5.86577992e+00,   1.21466913e+01,   6.48069501e+00,   6.33288603e+00, 
              6.93097003e+00,   2.62546011e+00,  -1.96754201e-01,   7.08461580e-01,   7.25320526e+00, 
              4.74558121e+00,   6.54322413e+00,   1.40981981e+00,   1.06054310e+00,   1.19223153e+01, 
              8.89298824e+00,   6.59855747e+00,   8.83956358e+00,   2.84799449e+00,  -4.19644471e-01, 
              2.97599666e+00,   7.87421863e+00,   4.97645334e+00,   6.41981896e+00,   5.22942274e+00, 
              7.67889046e-01,   3.42909178e-01,   4.57298231e+00,   6.69140784e+00,   6.67156877e+00, 
              7.15296527e+00,  -9.86573904e-01,   3.14324411e-01,   2.92370785e+00,   2.77520355e+00, 
              6.10181242e+00,   5.46086345e+00,   3.11900704e+00,   2.00273859e-01,   4.18058193e+00, 
              8.64516215e+00,   5.36660785e+00,   2.11647796e+00,  -2.80491203e+00,   1.17696303e+01, 
              7.78334365e+00,   8.95244147e+00,   5.34270941e+00,   2.38384314e-01,  -3.54984559e+00, 
              1.20913456e+01,   9.64415787e+00,   8.25398287e+00,   3.40306382e+00,   2.61533748e+00, 
             -2.78611058e+00,   9.73397879e+00,   7.65247231e+00,   1.24932640e-01,   5.86967384e+00, 
              3.41271482e+00,   5.78449595e+00,   1.23204730e+01,   6.34356055e+00,   6.35650202e+00, 
              6.89227863e+00,   2.63606408e+00,  -2.45274959e-01,   6.61265233e-01,   7.24736944e+00, 
              4.68348126e+00,   6.42753008e+00,   1.35892366e+00,   1.01079521e+00,   1.17480106e+01, 
              8.95765037e+00,   6.79807916e+00,   8.82218426e+00,   2.93682546e+00,  -1.49437851e-01, 
              2.85540632e+00,   7.98824293e+00,   5.01409017e+00,   6.37570179e+00,   5.19443796e+00, 
              7.68552850e-01,   2.64773408e-01,   4.59083905e+00,   6.69098242e+00,   6.74973845e+00, 
              7.15585998e+00,  -9.55565995e-01,   3.58881743e-01,   2.92513151e+00,   2.78901884e+00, 
              6.12048241e+00,   5.50739151e+00,   3.12859798e+00,   2.24314483e-01,   4.12629221e+00, 
              8.66204592e+00,   5.41611655e+00,   2.10490402e+00,  -2.75386355e+00,   1.17756610e+01, 
              7.72129337e+00,   9.03263763e+00,   5.51651991e+00,   1.02747982e-01,  -3.44349425e+00, 
              1.20788688e+01,   9.49100132e+00,   8.21275960e+00,   3.56369748e+00,   2.57234704e+00, 
             -2.67465906e+00,   9.61813755e+00,   7.39559263e+00,   1.64960967e-01,   5.67458736e+00, 
              3.51638468e+00,   5.93261640e+00,   1.23063894e+01,   6.09890133e+00,   6.37241883e+00, 
              6.94561643e+00,   2.62519947e+00,  -2.11011706e-01,   6.81729989e-01,   7.30539448e+00, 
              4.73127623e+00,   6.48857845e+00,   1.33771590e+00,   9.79860380e-01,   1.18104069e+01, 
              8.92474266e+00,   6.81461114e+00,   8.87308823e+00,   2.97347850e+00,  -3.01328337e-01, 
              2.81828832e+00,   8.09058895e+00,   5.05259933e+00,   6.33568163e+00,   5.22010031e+00, 
              7.77152472e-01,   2.46630370e-01,   4.56562414e+00,   6.68998773e+00,   6.82779440e+00, 
              7.16911615e+00,  -9.57250525e-01,   3.49433758e-01,   2.95376286e+00,   2.84188052e+00, 
              6.14630920e+00,   5.51462295e+00,   3.09418178e+00,   1.84346722e-01,   4.13525474e+00, 
              8.68499402e+00,   5.40605297e+00,   2.11081990e+00,  -2.78304738e+00,   1.17763162e+01, 
              7.74571324e+00,   9.07353788e+00,   5.64659421e+00,   1.32990691e-01,  -3.45664134e+00, 
              1.19991772e+01,   9.51621899e+00,   8.21664344e+00,   3.40506333e+00,   2.46931622e+00, 
             -2.70446596e+00,   9.78696619e+00,   7.43314056e+00,   4.33712644e-02,   5.62658911e+00, 
              3.22570814e+00,   6.08266355e+00,   1.23868308e+01,   6.23995651e+00,   6.30153593e+00, 
              6.91171478e+00,   2.59246137e+00,  -2.52105730e-01,   6.84374167e-01,   7.29346056e+00, 
              4.78182894e+00,   6.35472908e+00,   1.24572508e+00,   1.24181800e+00,   1.18816899e+01, 
              8.78704706e+00,   6.92050749e+00,   8.69186967e+00,   2.83064955e+00,  -2.81499181e-01, 
              2.69330396e+00,   8.31229350e+00,   5.11532319e+00,   6.38486158e+00,   5.28081243e+00, 
              7.83904182e-01,   2.28502311e-01,   4.58966804e+00,   6.66342209e+00,   6.82196344e+00, 
              7.18536799e+00,  -9.96814254e-01,   3.43180376e-01,   2.95805210e+00,   2.86577696e+00, 
              6.18739509e+00,   5.46296653e+00,   3.07044120e+00,   1.73709577e-01,   4.15124285e+00, 
              8.69428036e+00,   5.39261782e+00,   2.11936458e+00,  -2.76605379e+00,   1.17589324e+01, 
              7.76523218e+00,   8.94087375e+00,   5.75167229e+00,   1.22864908e-01,  -3.49668212e+00, 
              1.20199525e+01,   9.37169110e+00,   8.11294802e+00,   3.33937360e+00,   2.45715998e+00, 
             -2.53221766e+00,   9.70861096e+00,   7.20507064e+00,   1.64091825e-02,   5.71478362e+00, 
              3.34365128e+00,   6.02683973e+00,   1.23077163e+01,   6.32079556e+00,   6.21498125e+00, 
              6.93546137e+00,   2.68483544e+00,  -2.79094677e-01,   6.35489081e-01,   7.30623573e+00, 
              4.86927029e+00,   6.51923392e+00,   1.20397375e+00,   1.11755034e+00,   1.18470589e+01, 
              8.89283922e+00,   6.94199793e+00,   8.71131651e+00,   2.70833848e+00,  -3.70860476e-01, 
              2.78500342e+00,   8.28436335e+00,   5.07743867e+00,   6.44274869e+00,   5.29256634e+00, 
              7.90973873e-01,   2.58869730e-01,   4.57465565e+00,   6.65681087e+00,   6.85386502e+00, 
              7.18017397e+00,  -9.67682161e-01,   3.14518509e-01,   2.93873393e+00,   2.89194471e+00, 
              6.15375483e+00,   5.50676642e+00,   3.03665021e+00,   1.16989443e-01,   4.14554163e+00, 
              8.66704692e+00,   5.43016005e+00,   2.13099096e+00,  -2.74922160e+00,   1.17336849e+01, 
              7.76730416e+00,   8.74628648e+00,   5.50951173e+00,   2.97327907e-01,  -3.39053172e+00, 
              1.21351932e+01,   9.39958197e+00,   8.01032922e+00,   3.42024228e+00,   2.45337384e+00, 
             -2.62449900e+00,   9.77047983e+00,   7.38848139e+00,   1.95993367e-01,   5.83016333e+00, 
              3.27489261e+00,   5.93809109e+00,   1.21404239e+01,   6.26457965e+00,   6.28144032e+00, 
              6.90024168e+00,   2.67806595e+00,  -2.67058854e-01,   5.96449376e-01,   7.25393005e+00, 
              4.82627758e+00,   6.44890409e+00,   1.42020329e+00,   1.08246263e+00,   1.22013765e+01, 
              8.77867775e+00,   6.90963944e+00,   8.96633571e+00,   2.58070960e+00,  -5.88728858e-01, 
              2.83250685e+00,   7.99640203e+00,   5.07382214e+00,   6.43340602e+00,   5.29170497e+00, 
              7.72924905e-01,   2.93304876e-01,   4.59505759e+00,   6.68302611e+00,   6.87285538e+00, 
              7.15273548e+00,  -9.81617614e-01,   3.20170900e-01,   2.91860740e+00,   2.90078178e+00, 
              6.16058054e+00,   5.50104656e+00,   2.97679109e+00,   1.10047990e-01,   4.13910072e+00, 
              8.61513166e+00,   5.47479758e+00,   2.13136547e+00,  -2.70951027e+00,   1.17171107e+01, 
              7.78467369e+00,   8.78531615e+00,   5.52077700e+00,   2.14098475e-01,  -3.53001992e+00, 
              1.19369357e+01,   9.43038016e+00,   8.35653875e+00,   3.60338695e+00,   2.43138142e+00, 
             -2.56168092e+00,   9.79378076e+00,   7.33541908e+00,   2.61499911e-01,   5.76683582e+00, 
              3.22716486e+00,   6.06489620e+00,   1.21038697e+01,   6.33836769e+00,   6.29681628e+00, 
              6.88516978e+00,   2.70131116e+00,  -2.72962404e-01,   6.11171934e-01,   7.29356978e+00, 
              4.66103351e+00,   6.63503539e+00,   1.28693970e+00,   1.17522064e+00,   1.21095580e+01, 
              8.55453842e+00,   6.86209430e+00,   8.74514536e+00,   2.75557218e+00,  -5.72132216e-01, 
              2.78734754e+00,   7.82750097e+00,   5.10046400e+00,   6.42614664e+00,   5.29650082e+00, 
              7.79136793e-01,   2.89700634e-01,   4.59920009e+00,   6.73134467e+00,   6.85081724e+00, 
              7.13811931e+00,  -9.95167623e-01,   3.37252964e-01,   2.92780023e+00,   2.93484942e+00, 
              6.18563488e+00,   5.44297138e+00,   2.97652567e+00,   1.42632772e-01,   4.12918147e+00, 
              8.62694779e+00,   5.43768425e+00,   2.19665551e+00,  -2.69570150e+00,   1.16897996e+01, 
              7.77836638e+00,   8.59235268e+00,   5.66495751e+00,   1.85894375e-01,  -3.40741900e+00, 
              1.20474431e+01,   9.49817104e+00,   8.44906513e+00,   3.59411875e+00,   2.27306339e+00, 
             -2.75602072e+00,   9.71823514e+00,   7.45824355e+00,   4.10790433e-01,   5.91486043e+00, 
              3.18576087e+00,   6.15241186e+00,   1.21755129e+01,   6.24840027e+00,   6.31046647e+00, 
              6.94167987e+00,   2.67056080e+00,  -2.27288896e-01,   6.09778627e-01,   7.30865452e+00, 
              4.61856242e+00,   6.59138903e+00,   1.42264390e+00,   1.34727604e+00,   1.20392482e+01, 
              8.48952698e+00,   7.07289998e+00,   9.00897535e+00,   2.77826634e+00,  -4.04899281e-01, 
              2.74863437e+00,   7.63301561e+00,   5.12193606e+00,   6.41696831e+00,   5.31209293e+00, 
              7.63655079e-01,   3.52330658e-01,   4.62165861e+00,   6.73097159e+00,   6.84986811e+00, 
              7.09576887e+00,  -9.60804176e-01,   3.11247568e-01,   2.94814164e+00,   2.91845547e+00, 
              6.16919533e+00,   5.49286913e+00,   2.96500450e+00,   1.35299709e-01,   4.15707372e+00, 
              8.62130701e+00,   5.45445121e+00,   2.17714802e+00,  -2.70268326e+00,   1.17009842e+01, 
              7.70598870e+00,   8.70287834e+00,   5.53737065e+00,   2.98567791e-01,  -3.40302284e+00, 
              1.20612944e+01,   9.43245018e+00,   8.17701263e+00,   3.54592171e+00,   2.54317690e+00, 
             -2.77274338e+00,   9.63158745e+00,   7.50985363e+00,   3.24942766e-01,   5.98498499e+00, 
              3.18440847e+00,   6.29693913e+00,   1.21275806e+01,   6.38436630e+00,   6.38631360e+00, 
              6.96231848e+00,   2.68666881e+00,  -1.88898207e-01,   5.96047678e-01,   7.35162596e+00, 
              4.72239918e+00,   6.59547230e+00,   1.30735009e+00,   1.11961376e+00,   1.18919277e+01, 
              8.65794552e+00,   7.31934497e+00,   8.95435914e+00,   2.83382406e+00,  -3.50688802e-01, 
              2.55675885e+00,   7.62979862e+00,   5.17198294e+00,   6.48267019e+00,   5.30704977e+00, 
              7.04982167e-01,   3.65790839e-01,   4.68033003e+00,   6.74544353e+00,   6.86271759e+00, 
              7.13429282e+00,  -9.56676047e-01,   3.52630486e-01,   2.89397778e+00,   2.89522361e+00, 
              6.14406620e+00,   5.49299887e+00,   2.99401694e+00,   1.34867813e-01,   4.15863561e+00, 
              8.69643668e+00,   5.50634628e+00,   2.20081432e+00,  -2.75469972e+00,   1.16812591e+01, 
              7.73741983e+00,   8.71765579e+00,   5.60695986e+00,   3.13062401e-01,  -3.52410193e+00, 
              1.21595756e+01,   9.52242055e+00,   8.26268159e+00,   3.44673305e+00,   2.73666742e+00, 
             -2.89300553e+00,   9.47744171e+00,   7.23577079e+00,   5.14014594e-01,   5.99670306e+00, 
              3.22999821e+00,   6.33269644e+00,   1.22324944e+01,   6.28029704e+00,   6.38268422e+00, 
              6.98680084e+00,   2.75015581e+00,  -2.24440513e-01,   6.02620883e-01,   7.39754329e+00, 
              4.82533108e+00,   6.49021130e+00,   1.35650252e+00,   9.65884879e-01,   1.19504816e+01, 
              8.79749252e+00,   7.34490508e+00,   9.09777423e+00,   2.87512061e+00,  -3.39335154e-01, 
              2.37044006e+00,   7.43324746e+00,   5.16736949e+00,   6.50762078e+00,   5.26506606e+00, 
              6.38542348e-01,   3.36074299e-01,   4.68649134e+00,   6.70452894e+00,   6.85415635e+00, 
              7.10791613e+00,  -8.94674112e-01,   3.58560728e-01,   2.92551980e+00,   2.86330257e+00, 
              6.12805055e+00,   5.51957124e+00,   2.99661253e+00,   1.64746762e-01,   4.12733247e+00, 
              8.66829589e+00,   5.45952903e+00,   2.18530733e+00,  -2.78399798e+00,   1.16661083e+01, 
              7.73641021e+00,   8.70675255e+00,   5.65653493e+00,   3.16812963e-01,  -3.65294732e+00, 
              1.24382704e+01,   9.22664753e+00,   8.01843907e+00,   3.58151855e+00,   2.85246159e+00, 
             -2.90795745e+00,   9.45583333e+00,   7.44901248e+00,   4.41928074e-01,   5.91314658e+00, 
              3.43939464e+00,   6.23548445e+00,   1.23427029e+01,   6.36182968e+00,   6.38499089e+00, 
              6.97635048e+00,   2.72036476e+00,  -2.15787075e-01,   6.48282971e-01,   7.41130741e+00, 
              4.90784372e+00,   6.57923403e+00,   1.20234716e+00,   1.09708729e+00,   1.20295159e+01, 
              8.70609015e+00,   7.10856154e+00,   8.83443885e+00,   2.82080392e+00,  -3.48525501e-01, 
              2.55274977e+00,   7.61180838e+00,   5.19055712e+00,   6.50364842e+00,   5.26329998e+00, 
              6.74214208e-01,   3.10030574e-01,   4.63373776e+00,   6.65058788e+00,   6.86607990e+00, 
              7.09072325e+00,  -9.64449793e-01,   3.54436550e-01,   2.89447584e+00,   2.85284892e+00, 
              6.13940494e+00,   5.45891917e+00,   2.96373166e+00,   1.45342082e-01,   4.10733617e+00, 
              8.65802564e+00,   5.46960164e+00,   2.22252374e+00,  -2.78065988e+00,   1.16689578e+01, 
              7.82024350e+00,   8.76201995e+00,   5.83837223e+00,   2.19266564e-01,  -3.74386534e+00, 
              1.24008705e+01,   9.23818023e+00,   8.12652964e+00,   3.53045820e+00,   2.81243700e+00, 
             -3.22496386e+00,   9.30484093e+00,   7.65310215e+00,   3.86065534e-01,   5.86620171e+00, 
              3.39806272e+00,   6.17492711e+00,   1.23767750e+01,   6.34461980e+00,   6.37333433e+00, 
              6.97970803e+00,   2.75090751e+00,  -1.67001022e-01,   6.28536363e-01,   7.34493393e+00, 
              5.02349201e+00,   6.49038292e+00,   1.25628206e+00,   1.20436352e+00,   1.18809949e+01, 
              8.58082013e+00,   6.97687640e+00,   8.72616809e+00,   3.02044331e+00,  -3.45243503e-01, 
              2.38825362e+00,   7.75296853e+00,   5.22913914e+00,   6.45403599e+00,   5.25281390e+00, 
              6.75642542e-01,   2.83039444e-01,   4.63817260e+00,   6.66649521e+00,   6.78498833e+00, 
              7.08819037e+00,  -9.46625672e-01,   3.45899418e-01,   2.92555282e+00,   2.84757957e+00, 
              6.18529131e+00,   5.47217968e+00,   2.97428208e+00,   1.37809838e-01,   4.13220263e+00, 
              8.66762111e+00,   5.44658956e+00,   2.19377679e+00,  -2.80617056e+00,   1.16702646e+01, 
              7.92641421e+00,   8.95620994e+00,   5.88773791e+00,   3.23893883e-01,  -3.78479387e+00, 
              1.26851972e+01,   9.13425304e+00,   8.18052152e+00,   3.48697249e+00,   2.62651440e+00, 
             -3.26991023e+00,   9.43229832e+00,   7.67288229e+00,   3.57165028e-01,   5.80307533e+00, 
              3.24576948e+00,   6.21577203e+00,   1.23833498e+01,   6.41352357e+00,   6.40110159e+00, 
              6.95426948e+00,   2.72710737e+00,  -1.61357009e-01,   5.70980124e-01,   7.31889060e+00, 
              4.97077603e+00,   6.59081644e+00,   1.31752987e+00,   1.13314353e+00,   1.17424531e+01, 
              8.63973558e+00,   7.09493143e+00,   8.75907887e+00,   3.18208218e+00,  -1.83873528e-01, 
              2.57896679e+00,   7.96133585e+00,   5.25902182e+00,   6.46105143e+00,   5.27774247e+00, 
              6.12778527e-01,   3.06886242e-01,   4.58726084e+00,   6.69120165e+00,   6.85153226e+00, 
              7.09728136e+00,  -9.55095198e-01,   3.36776183e-01,   2.89401603e+00,   2.87245665e+00, 
              6.23609992e+00,   5.49825099e+00,   3.01046930e+00,   8.03854316e-02,   4.10871763e+00, 
              8.68523969e+00,   5.46250611e+00,   2.16086020e+00,  -2.85602424e+00,   1.16800751e+01, 
              7.90598840e+00,   8.86461941e+00,   6.03204526e+00,   4.60033517e-01,  -3.81119565e+00, 
              1.25615751e+01,   9.13121542e+00,   8.34768544e+00,   3.39786506e+00,   2.42859641e+00, 
             -3.25576451e+00,   9.26943831e+00,   7.78882688e+00,   1.78720017e-01,   5.96016136e+00, 
              3.38114478e+00,   6.13037957e+00,   1.23480979e+01,   6.69052690e+00,   6.40561160e+00, 
              6.97037386e+00,   2.72155480e+00,  -1.74639005e-01,   5.68681206e-01,   7.37554779e+00, 
              4.84039799e+00,   6.65357199e+00,   1.17409295e+00,   9.38900888e-01,   1.16302737e+01, 
              8.75073619e+00,   7.06565463e+00,   8.62570670e+00,   3.16829603e+00,  -1.33584913e-01, 
              2.60665564e+00,   7.89581215e+00,   5.19990927e+00,   6.52424840e+00,   5.23133219e+00, 
              6.81458202e-01,   3.48997840e-01,   4.58276191e+00,   6.71413808e+00,   6.79343656e+00, 
              7.10647976e+00,  -9.65494141e-01,   3.67613465e-01,   2.89959506e+00,   2.86748898e+00, 
              6.23426325e+00,   5.48550358e+00,   2.98990334e+00,   3.67426945e-02,   4.13430624e+00, 
              8.72462007e+00,   5.43632496e+00,   2.13405010e+00,  -2.88337427e+00,   1.16458108e+01, 
              7.81865990e+00,   8.78668059e+00,   5.90062783e+00,   4.02639780e-01,  -3.69330596e+00, 
              1.25434230e+01,   9.36334064e+00,   8.15908220e+00,   3.50965049e+00,   2.45445568e+00, 
             -3.19416063e+00,   9.22495533e+00,   7.83259616e+00,   2.41288346e-01,   5.89295377e+00, 
              3.50404171e+00,   6.07571425e+00,   1.26232249e+01,   6.57781123e+00,   6.40427804e+00, 
              6.91078305e+00,   2.70042098e+00,  -1.49927668e-01,   6.23165321e-01,   7.41153392e+00, 
              4.96410091e+00,   6.60076372e+00,   1.39374931e+00,   1.06398751e+00,   1.16009887e+01, 
              8.54474137e+00,   6.90096924e+00,   8.69954106e+00,   3.16002968e+00,  -2.43018812e-01, 
              2.80644860e+00,   7.71469815e+00,   5.23815221e+00,   6.51007017e+00,   5.22884799e+00, 
              6.90966475e-01,   4.14831706e-01,   4.59754474e+00,   6.71209516e+00,   6.80871461e+00, 
              7.10241708e+00,  -9.66688811e-01,   3.42302696e-01,   2.88421825e+00,   2.83489738e+00, 
              6.28418334e+00,   5.45593195e+00,   2.96037829e+00,  -5.78481117e-03,   4.19746717e+00, 
              8.71744181e+00,   5.44856689e+00,   2.06214537e+00,  -2.84313631e+00,   1.16560336e+01, 
              7.82999654e+00,   8.94485033e+00,   6.15840687e+00,   4.95408171e-01,  -3.51680438e+00, 
              1.25822948e+01,   9.58783074e+00,   8.35425649e+00,   3.33632772e+00,   2.44772123e+00, 
             -3.13079250e+00,   9.33764634e+00,   7.81452935e+00,   1.48558787e-01,   5.82610945e+00, 
              3.46920246e+00,   6.02709442e+00,   1.24695280e+01,   6.46410878e+00,   6.40371863e+00, 
              6.89452843e+00,   2.77896878e+00,  -1.63579616e-01,   6.45394676e-01,   7.38383582e+00, 
              4.85956929e+00,   6.64832892e+00,   1.45526577e+00,   1.18957690e+00,   1.15899167e+01, 
              8.42576878e+00,   6.99233765e+00,   8.79866623e+00,   2.98369003e+00,  -3.55362733e-01, 
              2.66091243e+00,   7.70851907e+00,   5.21637506e+00,   6.55428292e+00,   5.28746436e+00, 
              6.32507273e-01,   3.27545588e-01,   4.55746025e+00,   6.65710964e+00,   6.81341340e+00, 
              7.08099096e+00,  -9.71562130e-01,   3.74527182e-01,   2.88900187e+00,   2.82612699e+00, 
              6.24863959e+00,   5.44213734e+00,   2.98993560e+00,   1.17392221e-02,   4.20749106e+00, 
              8.71864554e+00,   5.46848708e+00,   2.10666325e+00,  -2.86566733e+00,   1.15717604e+01, 
              7.76813234e+00,   8.85182749e+00,   6.04703082e+00,   4.08896056e-01,  -3.42417482e+00, 
              1.24293806e+01,   9.41466290e+00,   8.31582702e+00,   3.37640821e+00,   2.49955639e+00, 
             -2.97578504e+00,   9.36779941e+00,   7.75215968e+00,   2.03268246e-01,   5.84409397e+00, 
              3.54831804e+00,   5.95468427e+00,   1.24976035e+01,   6.49846959e+00,   6.32971727e+00, 
              6.90826658e+00,   2.67636960e+00,  -1.88102817e-01,   6.04511299e-01,   7.39017002e+00, 
              4.94155209e+00,   6.68971779e+00,   1.38278437e+00,   1.18921202e+00,   1.16629620e+01, 
              8.52663391e+00,   7.04136075e+00,   9.05790705e+00,   3.20385138e+00,  -1.30883558e-01, 
              2.88972432e+00,   7.57471572e+00,   5.19490194e+00,   6.59208437e+00,   5.20246372e+00, 
              5.77413203e-01,   3.08373369e-01,   4.51005606e+00,   6.62470084e+00,   6.89408349e+00, 
              7.09465736e+00,  -9.22220502e-01,   3.35701527e-01,   2.91740184e+00,   2.82256832e+00, 
              6.16188667e+00,   5.45110559e+00,   3.03991121e+00,   5.41935086e-03,   4.16839803e+00, 
              8.64764480e+00,   5.50970120e+00,   2.11743138e+00,  -2.86423758e+00,   1.16023785e+01, 
              7.73359568e+00,   8.87698122e+00,   6.20493798e+00,   4.02454140e-01,  -3.50611054e+00, 
              1.23589220e+01,   9.65857538e+00,   8.44128110e+00,   3.49052841e+00,   2.49670897e+00, 
             -2.97095538e+00,   9.54584148e+00,   7.95928594e+00,   2.35693924e-01,   5.88582405e+00, 
              3.47018792e+00,   5.98553865e+00,   1.24318884e+01,   6.59008978e+00,   6.32939940e+00, 
              6.86138794e+00,   2.64792772e+00,  -1.89869880e-01,   5.70597240e-01,   7.41642692e+00, 
              4.97674581e+00,   6.66965007e+00,   1.38986122e+00,   1.29962930e+00,   1.16370151e+01, 
              8.57102979e+00,   6.92479101e+00,   9.18473886e+00,   2.90320994e+00,  -9.12753317e-02, 
              2.83520585e+00,   7.51946402e+00,   5.12431417e+00,   6.59336201e+00,   5.17378993e+00, 
              6.34501853e-01,   3.38184229e-01,   4.47035805e+00,   6.56437423e+00,   6.90845883e+00, 
              7.14942712e+00,  -9.60684554e-01,   3.13980807e-01,   2.92110200e+00,   2.86686594e+00, 
              6.15168190e+00,   5.47458119e+00,   2.93514902e+00,  -2.46029489e-02,   4.13341095e+00, 
              8.58920753e+00,   5.52074038e+00,   2.12916503e+00,  -2.83446788e+00,   1.15768058e+01, 
              7.68699542e+00,   8.85243516e+00,   5.91971283e+00,   3.73370646e-01,  -3.46804639e+00, 
              1.23575821e+01,   9.41364096e+00,   8.33816188e+00,   3.48120219e+00,   2.65563696e+00, 
             -2.97830271e+00,   9.61077974e+00,   7.85734675e+00,   3.81692817e-01,   6.08806798e+00, 
              3.72079322e+00,   5.86806920e+00,   1.22070403e+01,   6.46300422e+00,   6.35700440e+00, 
              6.85560247e+00,   2.71197624e+00,  -1.52796578e-01,   5.67611229e-01,   7.38604232e+00, 
              4.89958464e+00,   6.73337071e+00,   1.38683820e+00,   1.22771510e+00,   1.17055621e+01, 
              8.54260649e+00,   6.91703352e+00,   9.07858863e+00,   2.66394026e+00,  -1.00953288e-01, 
              2.79616877e+00,   7.65209926e+00,   5.12624303e+00,   6.57835404e+00,   5.23349064e+00, 
              6.18600507e-01,   3.66301299e-01,   4.46491610e+00,   6.55772345e+00,   6.87368083e+00, 
              7.13572101e+00,  -1.02442702e+00,   3.17153068e-01,   2.91376051e+00,   2.86690599e+00, 
              6.14148067e+00,   5.50617615e+00,   2.91561045e+00,   3.39365695e-02,   4.12703659e+00 ]
         </q>
         <p shape='(32, 60)'>
          [  -8.28025099e+00,  -2.52653204e+01,  -8.99625234e+00,  -1.22783471e+01,   1.12650315e+01, 
             -2.98753500e+01,  -3.49662878e+00,  -5.97323170e+00,   3.73936604e+00,   7.93841657e+00, 
             -6.24034112e+00,   3.46246170e+00,  -6.10325534e+00,   5.81308853e+00,  -2.38710021e-03, 
              4.92231086e+00,   1.72682704e+00,  -8.72127226e+00,   1.10851567e-01,   1.58277363e+00, 
              9.67673757e+00,   5.73976085e+00,  -5.25059442e+00,   6.98669585e+00,   2.97027278e+01, 
              4.05821684e+01,  -1.94549925e+01,  -1.60302852e+01,   1.49732432e+01,   3.43977394e+01, 
             -4.33030128e+00,   8.85988222e-01,  -4.99798696e+00,   4.54771619e+00,   4.39558591e+00, 
             -5.73189765e+00,  -5.14218880e-01,  -5.12187184e+00,  -1.41701617e+01,   6.97539404e+00, 
              1.53206939e+01,   9.10610151e+00,  -2.72285624e+01,  -1.40261076e+01,  -2.77544245e+00, 
             -3.07213684e+01,  -4.71238687e+00,  -1.11337371e+01,  -1.20023502e+01,  -3.20667430e+01, 
              2.07873544e+01,   4.70776771e+01,   2.17404431e+01,   2.42193786e-01,  -9.32285019e+01, 
              2.73553550e+00,   8.60200286e+00,   2.71875164e+01,  -1.14727159e+01,   8.24236516e+00, 
             -3.57994011e+01,  -8.04910776e+00,   1.47021081e+01,  -2.03887252e+01,  -2.68518248e+01, 
             -5.69356842e-01,   2.01461933e-03,  -1.64561084e+00,   3.77321640e+00,   2.23984227e+00, 
              3.01385573e+00,  -3.67093384e+00,   6.93128695e+00,  -5.05176684e+00,  -6.06570106e-01, 
             -2.73990300e+00,   3.59530263e+00,   2.48168805e+00,   6.59220680e+00,  -3.43967573e+00, 
             -5.89182768e+00,   5.68668925e-01,   6.31682450e+00,  -8.03293651e+00,  -5.75908894e+00, 
             -2.96736790e+01,  -3.42715685e+01,   3.57874363e+00,  -1.96837323e+01,  -3.13319899e+01, 
             -8.08504067e-01,   3.40069812e+00,   6.49176503e+00,   1.44873578e+01,  -6.75330440e-01, 
              6.86764337e+00,  -1.16041557e+01,   2.40903414e+00,  -1.20511016e+01,  -9.50511225e+00, 
             -2.84564597e+00,   7.53266029e+00,  -3.45516846e+00,  -3.95886494e+01,  -2.36303724e+01, 
              2.20479366e+01,  -2.71665206e+01,  -8.73189747e+00,   1.51995047e+01,   5.28464261e+01, 
              1.76334507e+01,  -3.27162876e+01,  -3.54290814e+00,   8.54340124e+00,   3.20797125e+01, 
             -2.56360748e+01,  -1.61247758e+01,   2.10184689e+01,   3.81294109e+01,  -4.60909129e+01, 
              8.90712044e+00,   2.43563025e+01,   8.39739666e+00,   4.60027428e+00,  -3.03159680e+00, 
             -1.28937556e+00,  -2.30749261e+00,   1.52911134e+00,   3.39232437e-02,  -3.65258964e+00, 
             -1.37181125e-01,  -2.36358012e+00,  -1.50381806e+01,   8.49047614e+00,   1.31577530e+01, 
             -3.57857619e-02,  -1.00798292e+01,   1.43398932e+00,   1.08452650e+01,   1.01526883e+01, 
              2.02000217e+00,  -1.85505266e+01,  -1.42168472e+00,   6.25514431e+00,   1.90889932e+01, 
              2.20352602e+01,  -5.35528424e-01,  -1.33347929e+01,  -2.73093004e+00,  -1.58039333e+01, 
             -7.97292920e+00,   4.03834127e+00,  -3.49180730e-01,  -1.66755644e+00,   2.33332459e+00, 
             -1.07584746e+00,  -1.15586612e+01,   1.26092385e+01,  -1.03439825e+01,  -4.62361077e+00, 
             -1.07516868e+01,   3.57534060e+00,  -3.80831402e+01,   3.33794425e+01,   8.91622032e+00, 
              1.53116381e+01,   3.23631443e+01,  -1.91064591e+01,  -3.66014119e+01,   1.13166394e+00, 
             -3.50328000e+00,   2.94652908e+01,  -1.83240657e+01,   3.91503219e+01,  -3.37342155e+01, 
              3.02993419e+01,  -1.89432016e+01,  -4.34959374e+01,   2.73336309e+00,  -1.18313850e+00, 
              3.38389222e+01,   4.06656565e+01,  -1.91978137e+01,  -1.19628739e+00,  -3.38580704e+01, 
             -1.60722947e+01,   3.46837279e+00,   2.21159742e+00,  -4.77917536e+00,   2.53016229e+00, 
              4.55611270e+00,  -1.14582366e+01,  -6.94024858e+00,  -2.05184696e+01,  -1.18532095e+01, 
              5.39795061e+00,   7.87973466e+00,  -1.79828188e+01,   3.85015914e+00,  -4.56445912e+00, 
              1.12376635e+01,  -9.46517814e+00,  -6.21001360e+00,   1.51737167e+01,   4.49343263e+01, 
              5.43856122e+01,  -2.00507457e+01,   4.62767948e+01,  -5.86705657e+01,  -4.99373880e+01, 
             -3.68044679e+00,  -3.84437719e+00,   6.12010488e+00,  -8.29436963e+00,   2.18926339e-01, 
             -1.29711968e+01,  -1.43810087e+01,   2.63903589e-01,  -8.84219894e+00,  -5.69478118e+00, 
             -1.31498019e+01,  -6.63972500e+00,   1.09462544e+00,  -5.96855072e+01,  -3.36106672e+01, 
              1.59577832e+01,  -8.51978134e+00,  -4.26038238e+01,  -8.54210979e+00,  -1.94440754e+01, 
             -2.87008438e+00,   4.76929231e+01,  -2.62193263e+01,   7.77781286e+01,   9.73083433e+00, 
             -3.79993833e+00,   2.54676779e+01,   1.00831629e+01,  -2.32652479e+01,   4.33286632e+01, 
             -3.96345347e+01,  -2.43623470e+01,   2.41788419e+01,   9.16718318e+00,   2.16965757e+01, 
             -2.20598368e+01,  -4.96457146e-02,  -3.18114400e-01,  -3.81601836e+00,  -8.31723698e+00, 
             -1.06458335e+01,  -6.50764791e+00,  -9.68883134e+00,   9.98932243e-01,  -5.13260072e+00, 
              3.01843311e+00,  -1.19684837e+01,  -1.38954741e+00,   1.53200773e+00,  -9.45982286e+00, 
             -7.38522511e+00,   4.00875883e+00,  -4.66625025e+00,  -3.72693370e+00,  -2.49308762e+01, 
              3.09346249e+01,   3.66286096e+01,  -3.44449075e+00,   3.41984626e+01,  -2.46548630e+00, 
             -8.17523162e+00,   4.54058755e+00,   2.30691980e+00,   5.27602575e+00,   5.10505052e+00, 
             -4.87828974e+00,   1.28975347e+00,   4.11104629e+00,  -2.34420811e+00,   1.26726007e+00, 
              2.96417196e+00,   1.02196245e+00,   1.72962542e+01,  -1.33649483e+01,   3.04369621e+01, 
             -1.79155653e+01,   3.53023748e+01,  -5.96803633e+00,  -2.53474422e+01,   6.61171335e+01, 
              4.07466190e+01,  -1.38809486e+01,  -1.96782021e+01,  -3.39912449e+00,   2.15713489e+01, 
             -4.91598716e+01,  -7.44549701e+01,   6.44683228e+00,  -3.91063056e+00,   8.03081741e+01, 
              2.76988865e+01,  -3.38178712e+01,   1.67589828e+01,  -2.48029986e+01,  -3.34349669e+01, 
              2.37893900e+01,  -3.62970986e-01,  -4.31017958e+00,   1.47205503e+01,  -6.79094817e+00, 
             -4.09730969e+00,  -8.10772828e+00,  -1.12327883e+00,  -1.70445141e+00,  -2.05386188e+00, 
             -2.49051054e+00,   1.55294126e+00,  -1.51180027e+00,  -5.85350331e+00,  -1.41047428e+01, 
             -9.78436140e-01,   5.12362441e+00,   3.16285988e+00,   7.20599261e+00,  -2.54625427e+01, 
              7.60846682e+00,   2.70001104e+01,   5.77037592e+00,  -4.89426864e+00,   1.12385679e+01, 
             -1.06856964e+01,   6.09813371e+00,   5.26313019e+00,  -3.79075755e+00,   3.97766146e+00, 
              1.88068859e+00,   9.43828292e+00,  -2.18613762e+00,  -6.33240509e+00,  -2.67529477e+00, 
              5.44996959e+00,   3.72483049e+00,   1.92975130e+01,   1.61778065e+01,   1.16167662e+01, 
             -5.09596050e+01,  -1.22611346e+01,  -4.07838918e+01,   1.44570795e+01,   7.93214874e+00, 
              3.85851211e+01,   5.75685625e+01,   5.30437464e+01,  -1.63358665e+00,  -9.40627893e+00, 
              6.60754307e+00,  -3.66221691e+01,   1.36263994e+01,  -8.41089625e+00,   1.09835062e+01, 
              4.53586074e+01,  -1.86290189e+01,  -2.77566580e+00,  -2.07314425e+01,  -3.44750886e+01, 
              2.29020226e+01,   2.43266646e+00,  -3.94171602e+00,   3.73503211e+00,   5.89326070e+00, 
             -8.74706318e+00,   1.41674290e+01,   7.96905214e+00,  -1.36508583e+01,   7.11463985e+00, 
              3.76244244e+00,  -1.61256031e+01,  -1.97148560e+01,  -1.04253171e+01,  -5.42198605e+00, 
             -1.35236486e+00,   6.78795027e+00,   1.50995916e+00,   5.19582110e+00,   2.80591775e+01, 
             -9.33886042e+00,  -1.70729146e+00,   1.32730521e+01,   6.95483095e+01,   1.33344655e+01, 
              6.01846421e+00,  -4.64203837e+00,   5.78881487e+00,   1.47617025e+01,  -7.55565145e+00, 
             -4.66936869e+00,  -2.00457676e+00,  -1.02908956e-01,   3.71578995e+00,  -5.91555088e+00, 
              1.40262337e+01,  -2.41034067e+00,  -2.76879821e+01,   2.40876920e+01,  -1.44843254e+01, 
              8.27201261e+00,   1.91545132e+01,   6.37270130e+00,   1.35348372e+01,   2.54173435e+01, 
             -1.98778160e+01,  -1.62758753e+01,   2.81960091e+01,  -2.76532961e+00,   2.23477680e+01, 
              5.33612413e+00,   1.06162927e+01,   7.53995218e-01,  -3.25397233e+01,   2.01097090e+00, 
             -6.74660730e+01,  -1.69780960e+01,  -1.39607014e+01,   5.85234713e+00,  -2.11575551e+01, 
              1.13201341e+01,  -5.91310594e+00,  -1.23099313e-01,   7.19868829e+00,   1.00892356e+01, 
              3.38338001e-01,   5.71435502e+00,  -4.80660500e+00,   2.22436133e+00,  -1.88803273e+00, 
             -8.01961674e+00,  -8.58540148e+00,   5.07212881e+00,   1.20497913e+00,   1.58177633e-01, 
             -8.63293424e+00,   3.45843094e+00,   5.25686791e+00,   5.82271923e+00,  -6.39844979e+00, 
             -1.13090971e+00,  -3.09722252e+00,  -1.57331366e+01,  -1.37596115e+01,   3.97507897e+01, 
              6.18957693e+00,  -4.10911182e+00,  -8.77131571e+00,   1.00485913e+01,   9.48215024e+00, 
             -6.54160576e+00,   5.85120234e+00,   1.59692898e+01,   5.27424864e+00,  -3.33789634e+00, 
              8.08107166e+00,  -2.19385684e+00,  -2.20230285e+01,  -5.45588560e+00,   3.08461474e+00, 
             -8.60570424e-01,  -6.74499760e+00,  -9.14294712e+00,   1.07585334e+01,  -3.66857636e+00, 
             -9.69637912e+00,   3.75686331e+01,   5.31300772e+00,   1.12588518e+01,  -6.36603788e-02, 
             -4.76640935e+01,  -1.50277724e+01,   2.41155034e+01,  -1.62075510e+01,  -6.82324109e+01, 
              9.09329276e+00,  -3.29536006e+01,   5.21839223e+01,   5.31164988e+00,  -4.01866376e+01, 
              7.85642196e+00,  -8.87765659e+00,   8.90096243e+00,  -6.05060738e+00,  -3.46436612e+00, 
              4.46934252e-01,  -3.36208428e+00,   9.76932194e+00,   3.13734072e+00,   2.89110133e-01, 
              1.80980844e+01,   1.74846806e+00,   6.20955350e+00,  -7.41762687e+00,  -3.70483032e+00, 
              1.14184259e+01,  -3.39896400e+00,   2.80868760e-01,   6.71084714e+00,  -2.61160915e+01, 
              5.23146083e+00,  -2.02353095e+01,   1.90249761e+01,   7.77988384e+00,  -5.37464386e+01, 
              1.12418830e+01,  -1.84970166e+01,   8.05753036e+00,  -3.03386033e+00,  -7.84274179e+00, 
              5.25896824e+00,   1.32268327e+01,  -8.47291479e+00,  -7.88407157e+00,   1.02712651e+01, 
              6.64011160e+00,  -8.63284651e+00,  -2.18579295e+00,  -1.15762495e+01,  -3.57560449e+01, 
             -9.75244536e+00,  -1.44677913e+01,   4.02427705e+01,  -2.96928260e-01,  -1.15053502e+01, 
              1.10386851e+01,   1.79392333e+01,  -1.08631608e+01,  -1.49308060e+01,  -1.60494136e+01, 
              1.62892068e+01,  -1.86210998e+01,   1.11363337e+01,   4.25637533e+01,  -2.09369271e+01, 
             -1.82469358e+01,  -2.72811940e+01,  -5.62459090e+00,   6.39915994e+00,  -1.68789728e+01, 
             -1.95174040e+01,   4.97594090e-01,  -1.09302560e+01,   3.46385153e+00,  -3.64771815e+00, 
             -2.97215640e-02,   1.12498449e+01,  -1.44561781e+01,   6.25231994e+00,   8.08409211e-01, 
              1.81930564e+00,  -5.72130258e-01,   1.49280631e+01,   2.52190670e+00,  -9.54446532e+00, 
              2.76526588e+00,  -6.78693518e+00,  -3.89878005e+00,  -8.21556036e+00,   6.67037491e+00, 
             -3.00733458e+01,   1.97343766e+01,   2.14633122e+00,   3.95697758e+00,  -2.62747877e+01, 
             -1.14389974e+00,   1.28186225e+01,   3.64265648e+00,  -2.49218620e+00,   3.28455069e-01, 
              2.34523222e+00,  -7.86061772e+00,  -8.42182427e-01,  -1.01847974e+01,  -3.17410397e+00, 
             -1.24083832e+01,  -9.91941374e-01,  -2.70334959e+01,   7.13435637e+01,   5.01622976e+01, 
             -2.07911064e+01,   3.90190807e+01,  -7.98314968e+00,  -7.23834493e+01,   1.30961461e+01, 
              1.02072034e-02,   6.72193803e+00,  -5.61078601e+01,  -1.43581569e+01,  -2.18028087e+01, 
              1.74095729e+01,  -2.33149696e+01,   2.10783099e+01,  -2.22489472e+01,  -3.48936088e+01, 
             -2.75331531e+01,  -2.46169289e+01,   1.69945763e+01,   3.67998142e+00,  -2.67027657e+01, 
             -5.70576009e+01,   1.83024563e+00,   5.99234543e-01,   6.54522686e+00,  -8.21098098e+00, 
             -1.54274992e+01,  -5.97930412e+00,   1.24036338e+00,  -1.58196251e+01,   2.74894254e+00, 
             -8.58720919e-02,  -2.10848353e+00,  -2.47896550e+00,  -6.55249211e+00,  -1.05035339e+01, 
              1.31961177e+01,  -5.68524543e+00,   8.42564324e+00,  -2.35069184e-01,   2.33750470e+01, 
             -1.35348005e+00,   4.49798454e+01,   5.84228135e+01,  -1.56524417e+00,  -4.83304844e+01, 
             -3.52219555e+00,   1.18108899e+01,  -8.41142736e-01,   1.12925501e+01,   1.22587441e+01, 
              1.53300935e-02,   2.73622496e+00,   3.95624855e+00,   6.12668710e+00,   4.20590499e+00, 
              4.01241408e+00,   1.00843128e+01,   5.76767874e+00,  -1.80311266e+01,  -5.40782976e+00, 
             -1.08472748e+01,  -2.28311964e+01,  -1.15063706e+01,  -8.24634794e+00,  -1.03057502e+01, 
              2.76341782e+01,  -1.45411384e+01,  -1.29620830e+01,  -2.75494359e+01,   4.52736816e+01, 
             -1.47541875e+01,   3.42521059e+01,  -1.35555882e+01,  -2.28080236e+00,   5.48315164e+00, 
              2.79242972e+01,  -1.77583935e+01,   1.84696471e+01,   1.45369525e+01,  -4.59461352e-01, 
              6.60501845e+01,   5.11749402e+00,  -1.44779090e+01,   1.01000165e+01,   1.65012048e+00, 
              2.92903637e+00,   6.79441793e+00,   3.41801923e+00,  -4.58388124e+00,   5.59883410e+00, 
             -4.32911719e+00,  -5.26609643e+00,   1.75250532e+00,  -1.07247807e+01,  -6.94013838e+00, 
              4.09437638e+00,  -8.76602719e+00,  -3.49489139e+00,   9.92420986e+00,  -8.95679822e-01, 
             -2.57074931e+01,   1.19582346e+01,  -1.92357021e+01,   3.94324776e+01,   1.64327943e+01, 
              5.84431480e+00,  -3.71536661e+00,  -7.00188851e+00,   1.28682159e+00,  -7.74792530e-01, 
             -4.88434068e+00,  -8.02435762e+00,  -2.21965833e+00,   1.24051059e+01,   4.49079982e+00, 
             -4.03522102e+00,  -1.68214579e+00,  -2.64723782e+01,  -2.44610581e+01,  -4.09344092e-01, 
             -1.20784441e+01,   4.20784705e+01,   8.40484220e+00,   3.28949808e+01,   1.27524224e+01, 
             -1.81547107e-01,  -2.08035443e+00,  -3.89551119e+00,   8.26373472e+00,   1.23631273e-01, 
              1.73248728e+01,  -4.07035501e+01,   3.62782936e+01,  -1.50339700e+01,  -5.49359133e-01, 
              1.45887947e+01,   9.85722804e+00,   4.90517267e+01,  -8.31955755e+00,   1.49132612e+01, 
             -7.35185886e+00,   5.07669489e+00,   8.89225468e-01,  -3.70944763e+00,  -1.08590594e+01, 
              1.05299771e+01,  -1.01015915e+01,  -2.92681392e+00,  -5.01555065e+00,   5.19190742e+00, 
              1.70888778e+00,   6.25584161e+00,  -4.22588319e+00,   2.67187489e+00,  -7.49084570e+00, 
              5.04471812e+00,  -7.44240359e-01,  -1.55368352e+01,   8.16436840e+00,   3.36558813e+01, 
              3.96768954e+01,   1.69683335e+01,   2.84835510e+01,   2.94802262e+00,   2.63942242e+01, 
              1.24868334e+01,  -3.13463338e+00,   4.78800440e-01,  -8.31560600e+00,  -1.31424057e+01, 
              8.79063748e+00,   1.76085359e+00,   4.92704065e+00,   1.27274615e+01,   2.71111993e-02, 
              1.73285169e+01,   6.70413409e+00,  -1.99670167e+00,  -1.51129604e+00,   3.09569949e+01, 
             -1.91808447e+01,  -2.35479224e+01,   1.37946620e+00,   1.47940298e+00,  -1.07149302e+01, 
             -8.26944873e+00,  -5.50986647e+01,  -1.01634384e+01,   1.57101270e+01,  -2.91349271e+01, 
              1.22020637e+01,   1.56126135e+00,  -6.95038405e+01,  -1.87718065e+01,  -2.73783067e+00, 
             -5.96818664e+00,  -5.22362223e+01,  -4.54064611e+01,   4.54061493e+01,   2.13166168e+01, 
             -1.85789637e+01,  -6.16436981e-01,  -6.74525503e+00,   1.16619780e+01,  -1.20735525e+01, 
             -1.80995642e+00,   5.96707882e+00,  -1.61662117e+01,  -2.16182061e+00,   2.55177179e-01, 
             -2.54509373e+00,   5.68438458e+00,  -1.06010596e+01,   6.68224800e+00,  -1.80845017e+00, 
              5.53839919e+00,   6.16971336e+00,   1.18409758e+01,   7.91130221e+00,   1.64640944e+01, 
             -1.62644538e+01,  -3.54548176e+01,   5.28780355e+01,  -4.56749800e+01,  -2.63979073e+01, 
             -1.18525638e+00,   6.45912632e+00,   3.33416524e-01,  -1.77092099e+01,   9.99075859e+00, 
             -1.34861204e+01,   7.83213515e+00,   1.14913693e+01,   4.30666084e+00,   1.23083314e+00, 
              6.33306100e+00,   1.60202077e+00,  -6.37724870e+00,   1.44353015e+01,  -3.77881887e+01, 
             -4.29821194e+01,   2.03459862e+01,   5.38181906e+01,  -3.94648319e+00,   5.27665521e+01, 
             -2.64196496e+01,   2.42655255e+01,   2.36578151e+01,  -4.11081362e+01,  -1.43675198e+01, 
              9.00787780e+00,  -1.66116379e+01,  -5.08845637e+01,  -4.28160991e+01,   2.68487095e+01, 
             -2.03479709e+01,   5.78296432e+01,   5.88497267e+01,  -8.26680198e+00,   1.06259512e+01, 
             -9.10997841e+00,  -4.15339053e+00,   9.43942323e-01,  -1.38233801e+00,   9.96377716e+00, 
              1.08796637e+00,   3.59459872e+00,  -4.85372697e+00,   3.23688347e+00,  -3.30893307e+00, 
             -1.65378096e+00,  -4.83602052e+00,   1.08785631e+01,   1.28450170e+01,  -3.19617864e+00, 
             -1.38254782e+01,  -2.97822840e+00,   3.62505773e+00,  -2.54914775e-01,   1.47340651e+01, 
              3.66538916e+01,  -6.36095695e+00,  -3.08955463e+01,  -1.61152267e+01,  -3.01416432e+00, 
              7.71429136e+00,   8.03617434e+00,   1.19086588e+01,  -5.35733711e+00,  -1.07290488e+01, 
             -4.38095499e+00,  -9.08607071e+00,  -6.38486862e+00,  -2.02192515e+00,   9.62943046e+00, 
             -9.11387084e-01,  -2.02903110e+00,  -9.35798743e+00,  -1.47750368e+01,   1.87053184e+01, 
             -2.46927471e+01,  -6.76177266e-02,   2.34791138e+01,   7.32436422e-01,   4.73030809e+01, 
              3.44027565e+01,  -5.67402916e+00,  -5.76047410e+00,  -2.24390522e+01,   2.80844441e+01, 
             -4.45564681e+01,   1.92351614e+01,   6.39013308e+01,   1.87031044e+01,   1.93624411e+01, 
              3.17563457e+00,   2.10869974e+01,   1.50961730e+01,   4.41038912e+01,   4.15976158e+01, 
              2.35189722e+01,  -7.50289696e+00,  -1.00455700e+00,   1.68550259e+00,  -1.00727809e+00, 
              7.49336480e-01,   1.21228521e+00,   6.00276620e+00,  -1.93048398e+00,  -4.01336185e+00, 
              4.20817895e+00,  -9.03185041e-01,  -7.03395746e+00,  -1.28808499e+01,  -2.93044041e+00, 
             -1.45939985e+01,   4.61003340e+00,   7.57667237e+00,  -1.26253125e+01,  -5.26135081e+01, 
              4.45916644e+00,  -1.22705223e+01,   2.48875264e+01,   1.59467463e+01,  -1.97667142e+01, 
             -1.33726425e+01,  -6.05626891e+00,  -9.53641222e+00,   2.75541669e+00,  -9.73369041e+00, 
              4.03223359e+00,   2.78729983e+00,  -8.35450031e+00,  -5.93739454e+00,  -9.71318215e+00, 
             -5.08401489e+00,  -1.23948472e+01,  -1.64313785e+01,  -4.72896158e+01,  -3.23353809e+01, 
             -2.22632924e+01,   3.94111390e+01,  -2.47226937e+01,   1.01837428e+01,   1.81833499e+01, 
             -1.60302103e+00,  -8.52711105e-01,   6.87763979e+00,  -5.23506431e+00,  -1.98894417e+01, 
             -9.41825033e+00,  -2.24355650e+01,   5.39128953e+01,   1.35633460e+01,  -6.98106562e+00, 
             -3.23135584e+00,   7.17439431e+00,   3.94474976e+01,   1.40500073e+01,   3.76476854e+01, 
             -6.29228631e+01,   5.78448244e+00,   5.58210795e-02,  -4.93940703e+00,   5.90201445e+00, 
              1.23295589e+00,  -1.07151821e+00,  -2.59262508e+00,  -4.47179689e+00,   3.97912143e+00, 
              3.96221483e+00,   1.01256698e+01,   2.40911756e+00,  -7.74867238e+00,   1.36056447e+01, 
             -1.62162384e+00,  -7.56752770e+00,  -5.55611679e+00,   5.92565314e+00,  -9.99360638e+00, 
              2.57946564e+01,   3.07810074e+01,   1.54166198e+01,  -1.13015345e+01,  -4.01738255e+01, 
             -7.63669524e+00,  -8.60047375e+00,   5.15196455e+00,  -8.77109713e+00,   8.08038576e+00, 
             -2.96267802e+00,   1.75803008e+01,  -7.40236299e+00,  -5.18264916e+00,   1.04620025e+00, 
             -9.23718366e+00,   5.09436939e+00,   3.63303109e+01,   3.33523682e+01,   6.40732807e+00, 
             -3.47465268e+01,   8.57449120e+00,  -4.04239469e+01,  -7.29726225e+00,   1.47893685e+01, 
             -2.79048516e+01,  -5.37385540e+01,  -3.41928646e+01,  -3.71560536e+01,  -2.03843597e+01, 
             -3.65003749e+01,  -2.03599796e+01,   3.81271131e+01,   2.26554325e+01,   4.56204192e+01, 
             -2.79267189e+00,  -2.49256612e+01,  -3.60045964e+01,  -4.61346072e+00,  -1.65687775e+01, 
              1.89446274e+01,  -1.20953187e-01,   2.03507651e+00,   1.60480266e+00,  -7.62963323e+00, 
              9.16872519e+00,  -1.56400842e+01,  -1.23927692e+01,  -3.67249615e-01,  -5.04530840e+00, 
             -1.11061496e+01,   2.98679469e+00,   1.00608383e+01,   1.20310803e+01,   1.13603889e+01, 
             -2.37178156e+00,  -9.37568354e+00,   3.93143940e+00,   3.48566697e+00,   1.77660954e+01, 
             -3.31693829e+01,  -1.19957740e+01,   2.12889230e+01,   4.24764731e+01,   1.49063828e+01, 
             -1.49061249e+01,  -5.06522881e+00,   1.40292773e+01,   1.85711971e+01,  -7.85473757e+00, 
              1.55763871e+01,  -7.39194723e+00,   1.54796588e+00,   1.67240591e+00,   3.93799689e+00, 
             -2.11576295e+00,  -9.05800330e-01,   2.27314616e+01,   1.82732617e+01,  -3.59007473e+01, 
             -5.70778282e-01,  -7.16366759e+00,   1.60318237e+01,   2.98348224e+01,  -3.47366241e+01, 
              3.95216954e+01,  -5.15188724e+01,   2.46296620e+01,   3.86252707e+01,   4.76109780e+01, 
             -2.69159353e+01,  -1.67026926e+01,   3.30243608e+01,  -5.03517414e+01,  -4.86020391e+00, 
             -6.26190692e+00,   4.45939964e+01,   1.78527795e+01,  -2.06448750e+01,   2.09791356e+01, 
              1.76454568e+01,   1.37501000e+01,   6.13340796e-01,   7.49634000e+00,  -6.94362121e+00, 
              2.68915149e+00,   3.87066293e+00,   1.76950885e+00,   6.75560637e+00,   1.16875911e+01, 
              8.04178408e+00,  -2.42028996e-01,   1.30395830e+01,  -7.89753385e+00,   9.54997703e+00, 
              1.01684705e+01,  -9.49789928e+00,  -4.56548175e+00,  -1.47779634e+01,  -1.66204713e+00, 
              4.60428069e+00,   2.14045904e+01,   8.51130759e+00,  -2.04592832e+01,   3.78547737e+01, 
             -6.14478351e+00,  -1.08729812e+01,  -1.60836834e-02,  -6.24756464e+00,  -1.96249060e+00, 
             -4.29519824e-01,   1.92390838e+01,   1.32083231e+00,  -5.25845876e+00,  -8.69871641e+00, 
              4.36945733e+00,  -3.34446421e+00,  -1.20322936e+01,   2.12776540e+01,   4.44782305e+01, 
              2.45311547e+01,  -1.32381329e+00,   1.83393990e+01,  -3.93915692e+01,  -3.72354272e+01, 
              5.67423485e+01,   7.44436156e+00,   6.82277111e+00,  -4.68752610e+01,  -2.43753233e+01, 
              6.56494051e+01,   2.99913874e+01,  -2.32320110e+01,   1.14062160e+01,  -2.58795584e+01, 
              7.81675451e+00,   1.44179687e+01,  -2.36443884e+01,  -3.49165591e+01,  -6.08234032e+00, 
             -1.01017189e+01,   1.12648878e+01,   3.65847819e+00,   9.94053948e+00,   1.15964254e+01, 
             -1.36717224e+01,  -7.28968429e+00,  -3.73916765e+00,  -9.40081206e+00,   3.32709294e+00, 
              1.57399827e+00,  -1.18434627e+01,   1.37110105e+01,   4.04841837e+00,   3.35101929e+00, 
              2.14581505e+00,  -3.84542582e+00,   5.06858553e+00,   6.91881767e+00,  -3.47827491e+01, 
             -3.68199442e+01,  -2.86267688e+01,  -6.05301253e+00,   7.04812349e+00,   6.80659557e+01, 
              4.74404477e+00,  -1.02812815e+01,  -2.11318591e-01,  -4.37255778e+00,   2.72828605e+00, 
              1.11833504e+01,  -2.29182155e+00,  -1.04963257e+00,  -7.46027538e+00,  -4.87384473e+00, 
             -5.09832300e+00,  -4.39706582e+00,   7.16305725e+00,   5.83883746e+01,  -8.26360832e+00, 
             -2.24887295e+01,  -1.40528077e+01,   4.43449742e+00,   2.27530984e+01,   2.79495198e+01, 
             -4.91597505e+00,  -5.21518500e+01,  -4.43443356e+01,  -2.27902008e+01,  -3.13575131e+01, 
              1.01303027e+01,  -2.50084029e+01,   1.60138543e+01,   1.78248276e+01,   1.68536158e+01, 
              7.22109649e+00,  -7.34940770e+00,  -1.49656060e+01,   1.75212763e+01,   7.21088713e+00, 
             -3.61045298e+01,   7.03585772e-01,   9.78761359e+00,  -7.01009323e+00,   1.04469086e+00, 
              6.99907011e+00,   7.48550353e-02,  -5.55633984e+00,  -1.24224200e+01,   2.99900372e+00, 
              7.53123012e+00,  -1.25491552e+00,  -2.37260711e+00,  -3.57268896e+00,  -3.90494955e+00, 
              4.18774351e+00,  -1.00792979e+01,  -6.92320868e+00,  -4.20140753e+00,   6.26771735e+01, 
             -4.92952212e+01,   3.55677534e+01,  -9.04049936e+00,   3.26188547e+01,  -1.38403039e+01, 
              6.94467379e+00,   2.53906873e+00,  -6.88175071e+00,   1.37824097e+00,  -6.82796813e+00, 
              1.41659727e+01,  -1.81283301e+01,   1.90636591e+01,  -7.04114358e+00,  -4.18245432e+00, 
             -6.96866742e+00,   2.21758817e+00,  -6.11980921e-02,   3.76791777e+01,  -4.36487723e+01, 
             -1.57293628e+01,  -1.20630815e+01,  -9.24674800e+00,   1.77193160e-01,  -4.95331486e+00, 
              1.53153972e+01,  -2.50212468e+01,  -1.34612187e+01,  -7.78496794e+00,  -1.20514567e+01, 
              6.24803314e+01,  -4.07549215e+00,  -1.58065171e+00,  -7.74390327e+00,  -4.96554869e+01, 
             -3.26420159e+01,  -2.08031251e+01,  -2.62805450e+01,  -1.02682283e+01,  -2.82837473e+01, 
              2.41029032e+00,  -1.85775330e+00,  -2.42979628e+00,  -1.12566482e+00,  -9.28010931e+00, 
             -4.62862000e-01,  -4.36705558e-02,   9.97313302e+00,  -9.51279355e+00,   5.52757768e+00, 
              8.46962335e+00,   1.56038640e-02,  -1.29037983e+00,  -6.18795393e+00,   8.16593549e+00, 
              6.44612507e-01,  -2.66606923e+00,  -5.34455027e+00,   4.26326572e+00,   2.13885865e+01, 
             -2.06815552e+01,  -4.02472137e+00,  -6.19100886e+00,   2.76496224e+01,   2.70115916e+01, 
             -5.56318104e+00,  -7.13181989e+00,  -1.56127330e+01,   7.30414614e+00,  -1.14670361e-01, 
              2.15715353e+00,   5.01903981e+00,  -5.57454746e+00,   1.74281018e+00,   1.24821584e+01, 
              3.73565373e+00,   2.28166448e-01,  -4.23653634e+01,  -1.69009144e+01,  -2.76641842e+01, 
             -4.68400696e+00,   3.57779770e+01,  -6.24038373e+00,  -8.38114247e+00,   7.90831113e+01, 
             -1.91361831e+01,  -4.27485891e+00,  -3.77714924e+01,  -2.75384726e+01,   7.50416970e+01, 
              1.97141398e+01,   7.68557755e+00,   1.58294622e+01,  -1.69528781e+01,   5.62877828e+01, 
              5.83535174e+01,  -2.06057321e+00,   2.08111317e+01,   2.65521303e+01,  -1.05757516e+00, 
              3.84439187e+01,  -4.91290311e+00,   1.05735167e+01,  -2.53079363e+00,  -3.29431039e+00, 
             -1.58247196e+00,   7.52485958e+00,   1.11958738e+01,   6.70567959e+00,   4.48413997e+00, 
             -1.00475417e+01,   3.45129232e+00,   6.52527013e+00,   1.26307984e+01,   3.92391131e+00, 
             -5.00571025e+00,   8.26239633e+00,  -7.21083677e+00,   1.21384898e+01,  -3.20459822e+01, 
             -1.10889666e+01,   1.55532189e+01,   3.58351388e+01,  -2.71544270e+01,  -1.07597277e+01, 
              6.33209086e+00,   4.58753554e+00,   2.21730003e+00,   1.28386452e+01,   1.14095478e+01, 
              1.40162056e+01,   1.12445909e+01,  -1.00010791e+01,   3.40988614e+00,  -3.64462183e+00, 
             -7.06714755e-01,  -1.26088037e+01,   7.11053336e+00,   8.50574853e-01,   1.50438219e+00, 
              1.23420713e+01,  -7.58272252e+00,  -4.49664170e+01,   1.73445916e+01,  -2.17422220e+01, 
              8.03053971e+00,  -2.72807937e+00,  -2.47384717e+01,   1.18485014e+01,   1.93843027e+01, 
              9.86260976e+00,   5.25510613e+00,   1.81891168e+01,  -2.39743168e+01,  -3.82858167e+01, 
              1.67522107e+00,  -2.37945016e+01,   3.83810797e+01,  -6.52660874e+00,   4.77579674e+01, 
             -2.49692740e+01,   2.99342977e-01,   1.51954258e+01,  -8.67234592e-01,   3.56680130e+00, 
              1.53551164e+00,  -4.65546807e+00,   4.86612633e+00,  -1.77965170e+01,  -3.30228248e+00, 
              2.89259344e+00,  -7.33323268e+00,  -1.38044466e+01,  -1.03235540e+01,  -1.25568664e+01, 
             -5.64120244e+00,  -1.00611311e+01,  -9.58767614e+00,  -3.19295525e+00,   4.56478445e-01, 
              2.26276494e+01,  -1.14242025e+01,  -1.52473026e+01,  -1.87560841e+01,   2.43225414e+01, 
             -1.15515693e+01,   5.59985188e-01,  -8.69651917e+00,  -8.03328904e+00,   8.92621930e+00, 
             -3.48852406e+00,   1.48829497e+00,   1.40384575e+01,  -8.00528619e+00,  -2.77318248e-01, 
              1.06486041e+01,  -1.13190314e+01,  -5.64395713e+01,   5.04772541e+01,  -2.42878923e+00, 
              1.18413625e+01,   3.26875433e+00,   3.03503801e+01,  -6.09597600e+01,  -2.27717581e+01, 
             -2.16941329e+01,  -2.22432858e+01,   1.36116817e+01,  -3.48809926e+01,  -3.38200734e+01, 
              4.61143251e+01,   5.56307982e+00,  -1.65784601e+01,   8.69849238e+00,  -1.98538829e+01, 
             -2.17820409e+01,  -1.67121395e+01,   4.27828811e+01,  -2.53123395e+01,   1.27327591e+01, 
             -3.54649487e+00,  -4.59994511e+00,  -4.22184435e+00,  -6.23856892e+00,   9.92133270e+00, 
             -3.80515090e-01,   8.23167912e+00,   7.34321765e+00,  -7.90563680e+00,  -4.43439056e+00, 
              4.38395720e+00,  -1.69106346e+00,  -6.82658407e+00,  -1.24251493e+01,  -1.52352006e+01, 
             -9.94038078e+00,   3.40782225e+00,   1.71817613e+00,   7.39039035e+00,   4.55329831e+01, 
             -6.15072825e+00,   2.99876966e+01,   8.82824574e+00,   8.26763263e+00,   1.74246728e+01, 
              4.25062022e+00,   1.17560724e+01,  -3.45463737e+00,   4.63218833e+00,  -5.09875698e+00, 
              5.75653567e+00,  -5.76983824e+00,  -4.88505732e+00,  -6.89121050e-01,  -1.73666965e+00, 
             -6.04921251e+00,   1.03703109e+01,  -1.58099805e+01,  -8.44191099e+00,   3.58941285e+01, 
              2.18850276e+01,  -5.69479828e+00,  -1.05248749e+01,  -3.37841761e+01,   7.43464693e+01, 
             -1.28497215e+01,   2.91785457e+01,   2.26262287e+01,  -4.09811725e+01,   8.35686425e+00, 
              4.75775955e-01,   1.36721189e+01,  -2.11858580e+01,  -8.75706584e+00,   3.04284505e+01, 
             -2.19628409e+01,  -2.91088930e+01,   1.37030040e+01,  -2.81740601e+01,   1.79513876e+01, 
              1.28757625e+01,   2.51062846e+00,  -4.10663547e+00,  -6.49302029e-01,   7.84669457e+00, 
             -5.61017080e+00,   2.05877558e+00,   1.22176292e+01,  -4.10184990e+00,  -4.77594566e+00, 
              1.79582905e+01,  -6.25017053e+00,  -9.59825294e+00,  -2.78878756e-01,   4.41211279e+00, 
              4.29845095e+00,   7.58349307e+00,  -7.22398532e+00,   1.21446244e+00,   1.56248406e+01, 
             -2.30859143e+01,   1.10490012e+00,   8.89112444e-01,  -1.62075970e+01,   2.44671209e+00, 
              9.88915454e+00,   8.90485781e-01,  -3.82693267e+00,   4.29412765e+00,   2.74890295e+00, 
             -8.56835429e+00,   1.45042448e+01,   9.33408359e+00,   3.78001688e+00,  -2.64588406e+00, 
             -1.56761236e+01,   1.49741522e+01,   2.40029693e+01,   3.51560069e+01,  -1.11191926e+01, 
             -2.32393004e+01,   4.44106037e+00,  -1.66119037e+01,   1.65801711e+01,  -1.32698486e+01, 
             -2.80896181e+01,  -2.61141712e+01,  -2.92674162e+01,  -1.74760599e+01,   4.93482879e+01, 
             -8.19851589e+00,  -1.80446932e+01,   7.15320532e+00,   4.31930653e+01,   4.56829495e+01, 
              5.36891862e+01,  -1.44863616e+01,  -1.42776387e+01,  -5.52789702e+00,  -2.16886277e+01, 
             -6.03795709e+01,   2.50660011e+00,  -1.26957078e+01,   2.84334097e+00,   4.03301295e+00, 
              1.16061565e+01,  -4.94358920e+00,  -1.09647582e+00,  -6.80629304e+00,  -3.28104461e-01, 
              8.53752742e+00,  -5.67585772e+00,   8.14971448e-02,  -7.57458347e+00,   2.04317708e+01, 
              1.86124523e+00,   1.36987616e+01,  -2.87226066e+00,   2.81728592e-01,   1.48009897e+01, 
              1.35105741e+01,   1.05401311e+01,  -3.46780649e+01,  -1.37169984e+01,   1.67248006e+01, 
             -4.89330298e+00,   1.32969394e+00,   1.71014400e+01,  -1.07994989e+01,  -1.55018765e+01, 
             -3.74562953e+00,  -1.26098404e+01,  -4.06859178e-01,   1.68904911e+00,  -1.41804758e+01, 
             -1.61937270e+00,  -2.52376379e+00,   1.94191742e+01,   1.56440097e+01,   3.81401984e+00, 
             -3.14648563e+01,   3.47162340e+01,  -1.83205200e+01,   2.33833380e+00,   9.72802124e+00, 
              1.74384952e+01,  -1.80308269e+01,  -8.05124992e+00,  -2.14502520e+01,   2.54101860e+01, 
             -6.01516497e+01,  -3.17673941e+01,   8.82137217e+00,   4.71395627e+01,   2.22012164e+01, 
             -2.21033846e+01,  -4.38464151e+01,   4.17461405e+01,  -2.50400351e+01,   3.70870242e+00, 
             -1.72457218e+01,   7.80144031e+00,   1.34491115e+01,  -6.57942492e+00,   6.33232193e+00, 
             -2.12237860e+01,   6.93035536e+00,  -4.38976733e+00,   7.30943094e+00,  -6.16050113e+00, 
             -1.11453220e+00,  -4.15597763e+00,  -2.61168226e+00,   1.45989903e+01,   9.82517426e-01, 
             -9.46246147e+00,  -1.49688546e+00,   3.29256804e+00,   1.07603772e+01,  -2.34848212e+00, 
              5.11101358e+00,   3.25139788e+01,   8.08930039e+00,   3.72811144e+01,   2.17180152e+01, 
              3.05376171e+00,  -4.01135907e+00,  -1.15093015e+01,   1.25097521e+01,  -7.87302536e+00, 
              1.78211466e+00,   1.29979775e+01,   2.12677531e+01,  -9.26410345e+00,   1.48220826e+00, 
              3.04426699e-01,   1.05208494e+01,   2.34490284e+01,   3.48182412e+01,   5.83940698e+00, 
              8.99067568e+00,  -4.27280345e+00,   1.07723800e+01,   1.36073025e+01,   5.69504302e+01, 
              1.00400281e+00,   7.98604185e+00,  -2.44187108e+01,   7.98074765e+00,  -1.06996075e+01, 
              4.12488726e+01,  -8.26745148e+00,   4.88423406e+01,   1.67920322e+01,   5.46277370e+00, 
             -1.03009643e+01,  -6.02175132e-01,   2.50270434e+01,   6.99632018e+00,  -4.98598902e+00, 
             -9.34401856e+00,   4.44899806e+00,   1.10457822e+00,  -4.76010232e+00,  -1.89230423e+00, 
             -5.42257483e+00,  -3.70773848e+00,   2.24659543e+00,   5.50494950e+00,  -1.50844323e+00, 
             -8.95669738e+00,   9.84190443e+00,   4.45356370e+00,   4.77977410e+00,   9.68915772e+00, 
             -7.59679622e+00,   5.54288588e+00,   5.47922704e+00,   4.68928059e+00,  -2.12174777e+01, 
             -3.13828173e+01,  -2.13383317e+01,  -3.49266754e+01,  -9.83879575e+00,  -2.73611031e+00, 
              3.80733752e+00,  -1.34782640e+01,   1.89020328e+00,  -4.29982384e+00,  -7.45672035e+00, 
              8.61659105e-01,  -2.79927956e+00,  -2.78434735e+00,   8.37466693e+00,   3.79031674e+00, 
             -1.03358583e+01,  -7.67177062e-01,   4.21510887e+01,   1.36174981e+01,  -2.78367908e+01, 
              1.66870781e+01,  -1.45889320e+01,  -1.46893825e+00,   3.24446453e+01,  -1.59922739e-02, 
              6.44309425e+01,  -7.80728994e+00,  -1.50184529e+01,   3.54447032e+01,   2.15416617e+01, 
             -5.70056633e+01,  -3.09041323e+01,   4.36770888e+01,  -5.58498960e+01,   8.00524578e+00, 
              3.95857515e+01,  -1.01800897e+01,  -2.08499348e+01,   2.58901370e+00,   4.79087276e+01, 
              1.00083709e+01,   2.78133123e+00,  -1.47565786e+01,  -5.36382335e-01,   6.40867418e+00, 
             -1.41023285e+00,  -1.44231650e+00,   4.77768505e+00,  -1.35697117e+01,  -8.35863897e+00, 
              6.40062604e-01,   1.20004155e+01,   2.75758289e+00,   5.76548174e+00,   8.13448634e-01, 
             -1.11631499e+01,   1.57947315e+00,  -8.65009419e+00,   4.07560895e+00,   2.54954730e+01, 
              2.56282633e+01,  -3.79541155e+01,  -7.32954729e+00,   6.47695164e+01,  -1.69451370e+01, 
             -1.01240872e+01,   2.52005605e+00,   8.37209504e+00,  -5.13509688e+00,   3.31996138e+00, 
              5.86564484e+00,  -2.55797397e+00,   5.63606525e+00,  -4.45362311e+00,  -3.03291695e+00, 
             -1.75399228e+01,   8.32471061e+00,  -2.26915790e-01,  -3.80830263e+01,   1.26259549e+01, 
             -3.11381827e+01,   2.75800684e+01,  -2.55212120e+01,   9.74819537e+00,  -8.49839694e+00, 
              6.58949509e+00,  -2.70797770e+01,   1.66364695e+01,  -1.40223492e+01,  -1.55652866e+01, 
              3.38238115e+01,   5.71786555e+00,   4.67530081e+00,   2.38562421e+01,   4.98680664e+00, 
             -5.05454759e+01,  -4.98167014e+01,   3.86556408e+01,  -2.15013767e+00,  -7.90761552e+00, 
              4.62231620e+01,  -4.37448161e+00,  -1.68113092e+00,   3.17649188e+00,   7.16927136e-01, 
             -1.53804986e+00,   3.03262981e+00,   4.06802058e+00,  -9.60878841e+00,   1.09771400e+01, 
             -4.17545379e+00,   9.91961885e+00,  -1.48887196e+01,   1.03420257e+00,  -3.91054089e-01, 
             -8.53708239e+00,   7.51061969e+00,  -1.25080793e-01,  -3.77322420e+00,   1.64222122e+01, 
             -2.09182363e+01,  -1.82781129e+01,  -1.28874062e+01,  -1.27034514e+01,  -4.83491867e+00, 
             -8.10462424e+00,  -4.02740155e+00,   1.65737330e+01,  -1.04004278e+01,   6.56579289e-01, 
              6.62062288e+00,  -7.02157472e-01,   3.28124929e+00,   8.98802339e+00,  -1.16579987e+00, 
             -8.12504000e+00,   6.98430692e+00,  -1.25808137e+01,   2.42029504e+01,   2.89514592e+00, 
              5.70428581e+00,   4.77390479e+00,   5.46190131e+01,  -7.06321394e+00,   8.51386861e+00, 
             -1.55850843e+01,  -8.67586491e+00,   2.59636672e+01,  -4.43281531e+01,  -4.41121709e+01, 
             -1.68717004e+00,  -1.51683426e+01,  -8.15849623e+00,   8.92188299e+00,  -1.21983594e+01, 
              2.54185472e+01,   6.09102418e+00,   2.64919700e+01,   8.88426716e+00,  -3.77223022e-01, 
             -5.68962493e+01,  -2.88182080e+00,   5.80439292e+00,  -6.48028147e+00,   1.65778759e+01, 
              7.28928217e-01,   3.09487524e+00,  -2.11818607e+00,  -1.33582435e+01,   5.73387229e-01, 
              5.10636593e-02,   1.09651516e+01,   4.38754813e+00,  -2.32249903e+00,  -1.18096443e+01, 
              9.92991913e+00,   4.52224166e-01,  -1.18862636e+01,   1.10602361e+00,   7.90241082e+00, 
              4.34731654e+00,  -3.07991438e+01,   1.37820070e+01,  -2.10267683e+01,  -1.79835320e+01, 
             -7.33578376e-01,  -6.92243417e+00,   2.94135041e+00,  -5.74770065e+00,  -1.01663275e+01, 
             -8.24607875e+00,   4.39056984e+00,   2.34543235e+00,   1.39896148e+00,  -3.51727885e+00, 
              2.46451796e+00,  -1.22446812e+00,   4.26106139e+01,  -2.43249793e+00,   4.44681474e+01, 
             -3.99831461e+01,   1.23681933e+01,  -4.08160382e+00,   1.67832559e+01,   8.78513134e+00, 
             -4.21112206e+01,   1.57375809e+01,  -1.04356644e+01,   2.69548551e+01,   2.02911334e+01, 
              2.11852314e+01,  -3.95146457e-01,   1.96492044e+01,  -4.80742936e+01,   9.86214922e+00 ]
         </p>
         <m shape='(20)'>
          [   2.55327253e+04,   2.55327253e+04,   1.83736223e+03,   1.83736223e+03,   1.83736223e+03, 
              1.83736223e+03,   1.83736223e+03,   1.83736223e+03,   2.18941669e+04,   2.18941669e+04, 
              1.83736223e+03,   1.83736223e+03,   1.83736223e+03,   1.83736223e+03,   2.18941669e+04, 
              2.18941669e+04,   2.91651223e+04,   2.91651223e+04,   2.91651223e+04,   2.91651223e+04 ]
         </m>
         <names shape='(20)'>
          [ N, N, H, H, H, 
            H, H, H, C, C, 
            H, H, H, H, C, 
            C, O, O, O, O ]
         </names>
      </beads>
      <cell shape='(3, 3)'>
       [   1.00363353e+01,   7.46807513e-16,  -4.18009184e+00,   0.00000000e+00,   1.21962922e+01, 
           9.14822931e-16,   0.00000000e+00,   0.00000000e+00,   9.91496813e+00 ]
      </cell>
   </system>
</simulation>
