################################################################################
# Symmetry function scaling data.
################################################################################
# Col  Name     Description
################################################################################
# 1    e_index  Element index.
# 2    sf_index Symmetry function index.
# 3    sf_min   Symmetry function minimum.
# 4    sf_max   Symmetry function maximum.
# 5    sf_mean  Symmetry function mean.
# 6    sf_sigma Symmetry function sigma.
#########################################################################################################################
#        1          2                        3                        4                        5                        6
#  e_index   sf_index                   sf_min                   sf_max                  sf_mean                 sf_sigma
#########################################################################################################################
         1          1   2.0137686057417191E-02   4.3688047956416121E-01   1.5255972732346804E-01   4.4707136168098092E-02
         1          2   1.6537306353656757E-04   2.3167996562746307E-01   6.9133603961686954E-02   3.3682804260898688E-02
         1          3   5.7105903096049317E-03   3.6734901946307369E-01   1.5822356165209306E-01   4.7345040084922442E-02
         1          4   4.7389851447432241E-02   1.2207726129513401E+00   4.4309916227964929E-01   1.1984568582435771E-01
         1          5   5.9335597216067592E-15   1.2319639012262022E-01   2.4003668480605214E-02   2.5661814777960642E-02
         1          6   2.9796868254413865E-11   1.2310924712658038E-01   6.7273916887222607E-03   1.8449317252187281E-02
         1          7   1.1729502024375045E-02   2.8542079025323885E-01   1.2389876104043174E-01   3.4475643371095280E-02
         1          8   2.3792856641060736E-03   1.6323721336331604E-01   5.3553883229750805E-02   2.1917376839289036E-02
         1          9   3.8665534962649606E-06   8.9804555571901534E-02   2.0602221830633659E-02   1.3558686900406092E-02
         1         10   4.4358781156045440E-03   1.4181214537240761E-01   6.4165365069509789E-02   2.0200392722524652E-02
         1         11   1.6354995180044944E-03   4.1570927935505536E-01   1.0993857902507838E-01   8.3991378112419871E-02
         1         12   2.6638491143963956E-02   4.0767186153186330E-01   1.7860271707981765E-01   4.2529839607343620E-02
         1         13   9.4129057049761843E-03   2.1843346955166332E-01   8.7827775985179657E-02   2.6640800571908190E-02
         1         14   5.4009690084905637E-02   3.8062972189399447E-01   1.7482543071622889E-01   4.0362817561053504E-02
         1         15   2.0001108944577969E-01   1.8451771143618634E+00   7.7998678247634801E-01   1.9290488918172094E-01
         1         16   1.7781306597103631E-02   8.1561399478597063E-01   3.4253148299962410E-01   9.5264943463649582E-02
         1         17   8.0239839451109012E-03   4.0822328272035280E-01   1.4997165105514026E-01   5.4276820471937617E-02
         1         18   2.1545621242487074E-06   1.2177888392798594E-01   5.4273743019036215E-03   5.6574370914969120E-03
         1         19   1.6238373390003136E-01   2.1306303665456374E+00   9.0584304787365433E-01   2.4605102999585979E-01
         1         20   1.9271857243461650E-02   1.1058386412116001E+00   4.1129513555290881E-01   1.3880144675001566E-01
         1         21   1.5681772479262032E-01   8.8874673520771386E-01   4.1631077010741585E-01   8.3845337314783649E-02
         1         22   7.9487636761343142E-02   4.4884334128075176E-01   2.1878864909291285E-01   4.0748128339922460E-02
         1         23   8.4421212567077153E-01   3.8866034914994922E+00   2.0499309083669570E+00   3.8778957234452155E-01
         1         24   2.9366444666334812E-01   1.6673422229257746E+00   7.9250350020125548E-01   1.6573514997534688E-01
         1         25   1.2607292300199535E-01   8.3418454548777710E-01   4.2110660708510594E-01   9.1948030691374805E-02
         1         26   2.3953925901103673E-01   1.6124130800364800E+00   7.5846397798224308E-01   1.7554333829351021E-01
         1         27   1.0258898783794791E-07   1.4484063135995817E-01   2.7882078769320015E-02   3.4718248785820673E-02
         1         28   1.2322963035646538E-01   1.8381739238511319E+00   9.3273535464134494E-01   1.9631195330874632E-01
         1         29   1.1223453799032239E-05   2.1544016785971457E-02   2.3422710276306993E-03   1.8782011573515577E-03
         1         30   1.6133744592912165E-14   1.1215266377783778E-02   3.4318524929569387E-04   4.9484052680764728E-04
         1         31   2.2744360656359253E-06   1.4850986200432346E-02   7.8238185927403871E-04   9.0454073573483060E-04
         1         32   6.2853401421129854E-07   2.2181837828080250E-02   6.3942891993558858E-04   1.1093015633559104E-03
         1         33   2.8339458774465656E-10   6.3645300174036863E-03   2.2582410533886861E-04   2.5111626720270962E-04
         1         34   6.6484115935373383E-08   1.4881144053859426E-02   2.6095041853471196E-04   4.3238792061481648E-04
         1         35   5.5040726369549154E-08   1.3965186537132942E-02   2.4038170109142115E-04   5.0010039523433838E-04
         1         36   2.2587327940521867E-08   1.5818268945603085E-02   2.6311532994739771E-04   5.8066100223294951E-04
         1         37   1.1129611160629715E-11   5.9661680555222136E-03   6.2281970936924443E-05   1.5275972628590539E-04
         1         38   4.9072771098976178E-10   1.1983592589239053E-02   1.2125495443721218E-04   2.8697849977288005E-04
         1         39   1.0122749580746065E-06   6.3440563267489411E-02   2.7168730884025378E-03   4.4457745030923833E-03
         1         40   2.1106592553605175E-12   1.6351938829179218E-02   1.2230060103831206E-03   1.3136631575340933E-03
         1         41   3.5938613050424361E-06   1.8311443171805601E-02   1.9388598889403261E-03   1.7318648707772611E-03
         1         42   4.2144949968892247E-09   3.0496343852484944E-03   1.0324177856037151E-04   1.0478302548857774E-04
         1         43   1.0189945061646582E-09   7.1240776057946032E-03   5.7395318125882521E-04   3.7437621617696559E-04
         1         44   9.4453160912313079E-08   1.0861670873729638E-02   2.9898863544835580E-04   4.3876828759269632E-04
         1         45   1.6137322546411974E-09   3.0736166302636585E-03   9.5524178815471980E-05   1.1351254207952053E-04
         1         46   1.0067506870966815E-12   8.3802859539724647E-03   1.3345593257518324E-04   3.4153387014928079E-04
         1         47   0.0000000000000000E+00   1.8639736041855576E-03   6.9148142746385461E-06   4.3520314885162178E-05
         1         48   9.3953643758395569E-06   2.4091173244389752E-02   4.0283610380701896E-03   3.2181153109654471E-03
         1         49   3.5899589293116381E-07   5.4220603453557980E-03   2.1756140067966898E-04   2.3584640257456025E-04
         1         50   2.0945102247775283E-07   6.6485410571956735E-03   4.5015796564140204E-04   4.9660243574164986E-04
         1         51   0.0000000000000000E+00   8.7919181090863417E-04   3.8673496725011225E-06   2.1546047767279430E-05
         1         52   5.5258780637988346E-11   1.4169255344401691E-03   3.5550898686531330E-05   5.6414339288324438E-05
         1         53   5.0180465556297908E-19   3.9025357770110726E-03   2.6408404612501261E-05   6.7140432106261821E-05
         1         54   6.5532844024291163E-12   5.2666335066703651E-03   1.5943368583366623E-04   2.4337858184265285E-04
         1         55   6.4939741366400241E-09   6.8571880228942041E-03   8.6375223153652172E-05   2.5489038509906252E-04
         1         56   3.8752475717661571E-12   3.1685302545974279E-03   8.5832243221734569E-05   1.3805420097030179E-04
         1         57   7.6825199203831684E-10   9.5619932652477317E-04   1.2318766841411486E-05   2.8204499171102774E-05
         1         58   6.9754982635466692E-23   9.9237766277156746E-04   2.9240875595836578E-06   2.4235277598027353E-05
         1         59   1.9574492333679761E-14   1.6402904486914607E-03   5.9307520967583070E-06   2.5313557698210919E-05
         1         60   1.4095852787092327E-11   3.4476846016509004E-03   1.2796346096011221E-05   5.5907564702667208E-05
         1         61   4.3466767358892210E-10   4.6370495784141767E-03   9.2214920814707882E-04   4.8021293702856069E-04
         1         62   4.4043313773478198E-08   5.9679245603413726E-03   3.0018334080721197E-04   4.7979250043648570E-04
         1         63   0.0000000000000000E+00   2.1060529359953240E-03   7.1172563198120595E-07   1.9735996060992635E-05
         1         64   2.0946478751535802E-19   1.9917693804591143E-03   7.8595593351309315E-06   2.2876484867068515E-05
         1         65   4.4022512983796446E-11   4.2911083549899993E-03   3.6617113897438259E-05   1.4668015425372806E-04
         1         66   1.0092206288259463E-11   1.2457512025557441E-03   9.4504263031665949E-06   3.4391343380064722E-05
         1         67   4.4372124790481590E-13   2.3251877627147566E-03   2.5451443070639195E-04   1.7807371835948027E-04
         1         68   1.3316711167096128E-10   1.5210796164771732E-03   1.6390167289539549E-05   3.6021598404653005E-05
         1         69   1.6689466170028514E-11   2.0922774694549563E-03   1.1142922910295033E-05   5.2975263296764152E-05
         1         70   2.9545189658307220E-21   3.7756828901936134E-04   1.9199063037722130E-06   6.2181108774410020E-06
         1         71   5.7689105236206658E-25   6.8933962118555988E-04   2.7086374828189911E-06   1.7204803919618836E-05
         1         72   3.0195318769163134E-12   1.5178531935467076E-04   9.1239206733582692E-07   3.0115664972960922E-06
         1         73   7.4037367944986214E-13   2.0401848327644347E-03   3.8374365501900459E-06   2.7355703591216171E-05
         1         74   5.3613227335373066E-18   2.9394960144494935E-04   4.4157769776883680E-07   3.4290810335957729E-06
         1         75   4.2165418076755772E-14   7.1726611754589049E-04   9.3790354052323616E-07   8.8253070356418293E-06
         1         76   0.0000000000000000E+00   7.8065159036254074E-05   8.9337214556424516E-08   1.1492847184943907E-06
         1         77   1.0002838715411917E-16   6.1402623657578765E-04   5.5300316013183931E-06   1.3369390089975206E-05
         1         78   4.4024815453844413E-09   1.8160527420594814E-03   3.0756537424377402E-05   4.4099329207298004E-05
         1         79   2.4826441338327957E-11   7.2170004854406012E-03   1.3934909432389053E-04   5.3500014907217159E-04
         1         80   1.0713241412120206E-10   1.5865481427582713E-03   3.8296137301067136E-05   1.0274914498729737E-04
         1         81   9.5078894748461556E-15   3.9338052934127373E-05   2.2903984782168378E-07   7.8055628991576494E-07
         1         82   4.0354843340296222E-14   1.8733456387198043E-04   5.1509086950497560E-07   1.7067871454948093E-06
         1         83   4.9807048753299610E-14   3.7606944070867651E-04   6.5531080657051608E-06   1.4306327190264316E-05
         1         84   5.7705677807636593E-19   6.7956644101333104E-04   2.3382273898935624E-05   3.6745071446354409E-05
         1         85   1.2238467875439191E-33   7.8656300438778619E-05   1.5915871615763300E-08   4.0786609500995913E-07
         1         86   1.8309388159360931E-21   3.4504840953571991E-05   2.2916124373513908E-07   5.8214806396476954E-07
         1         87   5.2285917497862794E-18   5.3029625071759479E-05   7.3053278564989612E-08   7.0817234979140281E-07
         1         88   2.3016599227708221E-13   1.0940694022453553E-03   4.5158330578465132E-05   8.0761264516493068E-05
         1         89   2.8002144708292169E-16   2.7486526115899222E-03   2.0319055719323354E-05   1.0505020473791185E-04
         1         90   0.0000000000000000E+00   5.1436717118196138E-05   3.6282836534084210E-09   3.2411057446237440E-07
         1         91   2.2461703848730463E-21   3.2610701060795006E-06   4.5745283030991693E-09   4.2374295504095450E-08
         1         92   3.4292752736544940E-16   5.2205214866902349E-06   1.4029100134615687E-08   7.4670393870711187E-08
         1         93   1.5173318067814876E-16   1.2544524397501011E-04   8.5043400195797897E-08   1.0044086853937364E-06
         1         94   1.4969736710758921E-22   1.0300002399850947E-04   1.5793023402202089E-07   1.2526563717212891E-06
         1         95   5.3230542287680069E-18   2.0467726653732030E-04   1.3108444799368023E-07   1.9784933873135119E-06
         1         96   3.9128557985846043E-24   1.1888741226016902E-05   9.4164312350798628E-09   1.1874215946184716E-07
         1         97   9.1252253986425582E-20   3.4943346128291767E-05   1.3948992722203494E-08   3.3511667152688974E-07
         1         98   0.0000000000000000E+00   1.4254076045875798E-06   5.5387372177730642E-10   1.4436153123002881E-08
         1         99   1.6709440200224221E-23   4.3958266170472803E-05   5.1546377693724075E-08   2.8914574316306928E-07
         1        100   6.6717377250603111E-36   3.3659734482031399E-05   3.7473902019516497E-08   4.1751799829019501E-07
         1        101   1.4529341788085566E-13   2.5855795564255340E-04   6.6529816135939492E-07   2.1642912610860799E-06
         1        102   7.0091618402707688E-18   1.7467067005692873E-03   1.3537321868444240E-04   1.8384416692419290E-04
         1        103   3.0136682260714224E-24   9.2727840466673574E-05   1.1141589685646934E-06   2.5969309255489455E-06
         1        104   6.9074554418728468E-16   1.9182976615505327E-04   1.3561628945594033E-06   6.2991544694078460E-06
         1        105   5.1086994650902477E-34   3.9914751577192027E-05   3.6042853559219290E-09   2.1969706425729047E-07
         1        106   1.6972637027727114E-03   1.6388223232295182E-01   2.1560746973023823E-02   1.1881349966597565E-02
         1        107   1.8413311156381237E-04   8.8776701153599008E-02   8.1828408780960371E-03   8.1121287332865926E-03
         1        108   8.3866256772965571E-04   1.8344272974115652E-01   2.1164434759194745E-02   1.2439290801197754E-02
         1        109   3.6043612329870729E-04   1.0288691281243993E-01   1.4548394595714872E-02   1.1180900099980235E-02
         1        110   1.4878704835376627E-04   4.8301206079027326E-02   6.8284021189698998E-03   4.1954421229392202E-03
         1        111   6.2340914029744478E-04   1.1237910431884741E-01   1.0584430285587098E-02   6.6786932980508560E-03
         1        112   7.2446708590783196E-07   2.3957634363478628E-02   1.3573101309833245E-03   1.8487897162575357E-03
         1        113   3.2719186650493075E-04   5.4719223760438550E-02   1.1337049169133737E-02   7.9802660182943450E-03
         1        114   1.5289979146636127E-02   5.4761168934147142E-01   1.0227205429641462E-01   4.5389743319604353E-02
         1        115   2.5994370206942397E-02   4.0148046043043673E-01   1.2191935701270232E-01   4.0593880832583820E-02
         1        116   8.7460711483195103E-04   1.6452723489888890E-01   1.9699499387478284E-02   9.4358149657967905E-03
         1        117   3.5690523160140223E-03   1.2890520623721877E-01   3.5533131036738302E-02   1.0653079447916769E-02
         1        118   8.3182487181487192E-04   8.1578829667322827E-02   1.2584691644859538E-02   7.0383719006857481E-03
         1        119   3.6256058759243635E-04   1.1982976373639367E-01   1.2052584095397417E-02   7.5790641563328442E-03
         1        120   9.2300015018912263E-04   9.9729190920195651E-02   1.3175469022181113E-02   8.3772401514725803E-03
         1        121   4.4757770411381408E-04   6.2499874098959372E-02   9.3349159978261508E-03   4.5648456209808983E-03
         1        122   3.5609293608541786E-04   1.3263880820117338E-01   1.0637373923542342E-02   8.5205341840591028E-03
         1        123   2.4465605638226814E-08   1.1171064770939900E-02   4.4822593125693144E-04   8.0773386956232193E-04
         1        124   1.1580671565560479E-03   1.5220541215917560E-01   4.7903846115392966E-02   2.3644781411835958E-02
         1        125   3.2987423903393244E-08   2.0471414168562078E-02   4.0527400117353426E-04   6.6980256973969417E-04
         1        126   3.6158737303601793E-06   2.0307577671841031E-02   7.4903781478178016E-04   1.1010501483482878E-03
         1        127   5.6685794762114456E-06   2.0066437939247769E-02   1.5800503323994738E-03   1.2586475835750877E-03
         1        128   9.9492837788184296E-04   6.7176240230857068E-02   1.4358686747235342E-02   6.9270733022388448E-03
         1        129   4.3707608769188712E-05   2.4849470576676268E-02   2.2341064071934014E-03   1.7430563267725916E-03
         2          1   7.9703438570476196E-02   7.9868982668400434E-01   3.8139931830866980E-01   9.2152948625560324E-02
         2          2   2.9444390655821769E-03   3.0865944965398101E-01   7.3790791035417191E-02   2.9114454966841206E-02
         2          3   9.7461724746195506E-05   5.0117742337481497E-01   1.1764920275149258E-01   3.6700166025555640E-02
         2          4   7.5461876144003768E-13   3.4634292993142343E-02   4.0742240076463735E-03   2.9595668611906057E-03
         2          5   2.4716109377440447E-14   4.1978341619927632E-02   3.8701360689234131E-03   5.0257451902036166E-03
         2          6   1.9432899649541220E-10   7.7925175537144897E-02   1.7693517635814986E-02   1.8451275889449260E-02
         2          7   3.3678104153978054E-04   1.2176368023543369E-01   2.5204094868886504E-02   1.9035080950431306E-02
         2          8   9.9216084669139355E-05   8.9650108163817674E-02   2.2041117655981279E-02   1.6122660350613743E-02
         2          9   9.8126808135623147E-05   1.5604973137162381E-01   5.2314130709674819E-02   3.0792219868243566E-02
         2         10   3.2594451135139334E-02   3.7602289666577204E-01   1.8775073255138516E-01   5.1071464021231826E-02
         2         11   5.0489699262707195E-02   4.0372581662282758E-01   1.7207789473014953E-01   4.0245646389382619E-02
         2         12   2.5211031402533957E-01   1.8128090856762702E+00   8.5632870749906065E-01   1.9174936978947948E-01
         2         13   1.2716488926112338E-02   3.9983791756732173E-01   1.9250781437898570E-01   5.7369532013791712E-02
         2         14   1.0497684259907093E-01   2.0526456981892234E+00   1.0282378388822710E+00   3.1021066644646539E-01
         2         15   6.9498552063355975E-03   9.3941520924639677E-01   3.0806466262029125E-01   1.3040465175368851E-01
         2         16   8.1693421292887620E-04   5.5995678642980762E-01   2.0899260247612514E-01   1.0633064020386426E-01
         2         17   1.5329745571588047E-01   9.2944437307220207E-01   4.5589369948787617E-01   1.0202988626606066E-01
         2         18   1.9304326438844666E-01   8.3265043063416200E-01   4.3462975480331512E-01   7.9098970775196550E-02
         2         19   7.4573102762672788E-02   4.3264921263527567E-01   2.0179215718716209E-01   4.4111433632427595E-02
         2         20   2.5194671296031479E-01   1.5353673784360162E+00   8.5602811929358513E-01   1.8570415046030028E-01
         2         21   2.8525905661834244E-01   1.4880987552839595E+00   7.7742140924449343E-01   1.8225930787544764E-01
         2         22   9.2069298500893806E-02   9.8089374847794941E-01   5.2097297104355489E-01   1.1946535169993949E-01
         2         23   1.5193306328416319E-02   1.1173116213968379E+00   4.8624809678410952E-01   1.7236581302449430E-01
         2         24   7.8161450519295919E-02   2.1390065458853011E+00   9.0381465153040130E-01   2.7096392586157930E-01
         2         25   4.4119740818266824E-09   4.4198847922381239E-03   2.3605936791495225E-04   2.0567081320538855E-04
         2         26   0.0000000000000000E+00   1.4249957577961873E-02   8.5406307762562168E-05   4.8442084616511378E-04
         2         27   2.9592399071109216E-08   1.1080089067533357E-02   1.1978788466178757E-03   9.2579449521923527E-04
         2         28   1.5740868444451428E-09   5.0679545212837639E-03   3.1555159574904571E-04   2.5316760648976910E-04
         2         29   1.6463722996794700E-08   6.1782705091243985E-03   1.3324073788726428E-03   1.5092480109697808E-03
         2         30   7.9044651115358106E-06   4.5927115940645857E-02   5.5128622487068298E-03   4.2775269106361275E-03
         2         31   6.8771514172078129E-10   4.4187506489900327E-03   2.7737422023038340E-04   2.3124673151083466E-04
         2         32   4.5502285988396073E-09   1.6807848202986819E-02   1.7315388424209910E-03   2.0049249545320553E-03
         2         33   1.2604985473961320E-10   8.7927291769629816E-03   9.3949269435109550E-04   1.0623524591343581E-03
         2         34   2.4861028116228134E-11   8.7221334516446036E-03   1.2190101333725833E-03   1.4153756019479947E-03
         2         35   1.3301543060677011E-11   5.0458944117710907E-03   7.1929185494174321E-04   8.5483321936135443E-04
         2         36   0.0000000000000000E+00   1.6550094849446674E-03   5.1340188046382015E-06   6.2883928620943244E-05
         2         37   5.8158991550479345E-06   2.6791198482722184E-02   3.0919214705524361E-03   2.3741431282658047E-03
         2         38   4.0895351155971235E-06   2.5881137495641336E-02   3.1495569136319982E-03   3.1436180908070641E-03
         2         39   3.5476264337506537E-09   3.7881849796058934E-03   7.5687840440190703E-04   8.7179911660841458E-04
         2         40   2.7199866047421909E-08   4.8609004557848166E-03   1.8751834392243636E-04   2.4081797387810703E-04
         2         41   8.3095555877136068E-11   7.8370739436413122E-04   1.4621143095861824E-05   2.3837698219904107E-05
         2         42   8.2312111753174362E-07   1.6009806828804641E-02   2.5081505606303501E-03   2.5241432504369589E-03
         2         43   0.0000000000000000E+00   5.2563455789489738E-03   2.4725444159193970E-05   1.7050486907230466E-04
         2         44   1.6510848054622074E-08   1.7554256781778632E-02   1.9894616896114752E-03   2.2664335441422334E-03
         2         45   1.6156476262071011E-09   2.2125729542899460E-03   3.6273257432048938E-04   3.7966996759588423E-04
         2         46   0.0000000000000000E+00   1.0140089391767685E-03   2.2319246279847714E-06   2.4868844015692548E-05
         2         47   1.2373243907286952E-09   2.3760217170401849E-03   4.3148076904302548E-05   9.3938456731485281E-05
         2         48   2.3126158478081375E-13   1.2506165229851879E-03   1.3427346911406188E-04   1.6733508535891726E-04
         2         49   4.8588241822991971E-13   2.1607682619522914E-03   1.9594404655488200E-04   2.5598117773859491E-04
         2         50   6.1793603767143969E-08   7.9382058201456010E-03   4.4388486719999055E-04   4.9584712489684254E-04
         2         51   7.4072090165388768E-09   1.0408572109914877E-02   1.8831507319297029E-03   1.9412749425407839E-03
         2         52   3.6723998757376291E-13   1.4703122679210441E-04   4.9862554135945984E-06   7.1221733550986804E-06
         2         53   2.5224560252544649E-12   3.4887730012856901E-04   3.9609248896793902E-05   4.4832935986289824E-05
         2         54   0.0000000000000000E+00   1.5213982564172540E-04   1.3421835612622176E-07   2.1798906150597163E-06
         2         55   0.0000000000000000E+00   6.9249066239509985E-04   9.0991162998431052E-07   1.2247250794194285E-05
         2         56   1.6465557511320363E-13   1.9041757061449046E-03   1.3182703240978096E-04   1.7479286107605061E-04
         2         57   1.2774882196328575E-15   5.3114609058362082E-04   3.2018439066900775E-05   4.3129713693059261E-05
         2         58   2.3240717182556380E-18   6.6163062580286598E-05   3.0111035467428337E-06   4.9252285793830278E-06
         2         59   1.2482734798438484E-15   4.2049357836613005E-05   1.0417300842449824E-07   8.0320611557806033E-07
         2         60   1.6303643749468879E-10   2.2943416944527749E-03   5.4186320733365315E-05   9.6901283252924872E-05
         2         61   2.8810635786495028E-10   1.8609415780543217E-03   1.4349240312090753E-04   1.8175743785233311E-04
         2         62   7.0314758398964840E-10   2.5941733149025307E-03   9.0931872445423591E-05   2.0071058015050977E-04
         2         63   5.3354038013498901E-15   1.7012256538746480E-04   8.2878014048664062E-07   3.7446368864687687E-06
         2         64   0.0000000000000000E+00   2.2686692363674306E-05   8.8196799018060970E-09   2.6159250135950404E-07
         2         65   6.1027976015543292E-18   9.6744215447234350E-06   5.1195213772061746E-07   7.1509400851331003E-07
         2         66   5.0591558987863984E-21   2.0623521684499628E-05   1.5487999158288454E-06   2.1541476540119094E-06
         2         67   1.8583113659323202E-15   9.9923082858191623E-04   2.8425984365656464E-05   5.3372130573384587E-05
         2         68   4.2206365777427066E-15   1.9340045305394894E-04   7.0097014046809768E-06   9.4717725178048488E-06
         2         69   3.2846775905378896E-20   8.3808050372218513E-06   4.4637218479296294E-07   6.6540981318416003E-07
         2         70   1.1506457837106734E-17   6.3649224050995530E-05   2.0905830078570023E-06   3.4950828417690260E-06
         2         71   3.4101019951749458E-20   9.3994376634375605E-05   4.5863974929485207E-06   6.8671033650499657E-06
         2         72   3.2651797854799790E-19   7.5669691033091433E-06   3.4798104013171917E-07   5.3896794573658919E-07
         2         73   9.8738659876882414E-22   1.7229627520653022E-05   1.2095647677277557E-06   1.7054841687870842E-06
         2         74   2.6333536065929574E-17   2.8896446018234514E-04   1.6256646489388974E-05   2.2871161262790995E-05
         2         75   1.1128763742073888E-20   2.4699977230621326E-05   8.5837045132173792E-07   1.4567696626013678E-06
         2         76   1.6842138461600549E-22   4.5698532175583978E-05   2.0073355074485708E-06   3.2303800532145674E-06
         2         77   3.1090190658179286E-17   5.5359854458463175E-05   8.5965827356472332E-08   8.5885880833900103E-07
         2         78   4.1525013797198097E-24   1.7291564882755384E-06   2.8793528531363856E-08   6.9586518212111315E-08
         2         79   0.0000000000000000E+00   1.4512470602485178E-06   1.1619003547193725E-09   2.3303002003570754E-08
         2         80   1.0373966316127808E-22   1.6914987981088878E-05   7.5167568666687681E-07   1.1429034360114249E-06
         2         81   3.3586873866110928E-15   1.4801225051027902E-04   4.1406208609562651E-06   7.1394334674014506E-06
         2         82   1.7574215679381365E-14   3.7656975822451116E-04   3.9570985370712777E-06   1.3896211885043267E-05
         2         83   0.0000000000000000E+00   2.7323201874712241E-05   1.2749673044475308E-08   3.4447572012605477E-07
         2         84   5.9729044746903766E-22   8.2863211035308785E-06   1.0726775104403893E-07   2.5972253231293746E-07
         2         85   3.9968643200351498E-17   1.0152387219497305E-05   5.1860827178651195E-07   7.7850775330251793E-07
         2         86   0.0000000000000000E+00   3.9944262824544160E-07   1.1184141454045876E-10   3.9440015383674319E-09
         2         87   3.1337480092328679E-22   2.9542750721001695E-07   3.8994326704047411E-10   3.5530994726698172E-09
         2         88   1.0690596943999480E-04   8.7492134282600609E-02   9.4827755713513366E-03   6.5874827701066507E-03
         2         89   9.6269878060812573E-03   3.8115297708228990E-01   1.0881059020512647E-01   4.2331877989990149E-02
         2         90   2.8288420291988347E-05   1.2598786580858676E-01   6.9962577781559794E-03   6.8187988120790299E-03
         2         91   3.5826770745597783E-03   1.1516912192461619E-01   3.5026833348816108E-02   1.2173281037746671E-02
         2         92   3.0304898591222216E-06   4.5266329107281567E-02   1.2277028504577296E-03   1.7298052256499146E-03
         2         93   1.5265006894453233E-05   5.0357509393634182E-02   5.2408438992104303E-03   4.5075999663545686E-03
         2         94   3.8990258595189374E-05   5.0195863765304681E-02   1.3068265603926729E-02   1.1164476126620354E-02
         2         95   1.5356493917971489E-02   4.8673896340699307E-01   1.2906874388492542E-01   5.3320254453927525E-02
         2         96   1.5424533636953944E-03   8.5496466451910461E-02   1.6826700713965581E-02   7.1211875973762970E-03
         2         97   3.4504910434138367E-04   6.5956571843656012E-02   1.2403480619527681E-02   6.8864269743146187E-03
         2         98   2.2368684463983382E-06   5.0740066034877684E-02   1.3734295687988769E-03   1.9877979601792086E-03
         2         99   5.4807178131930094E-04   9.3629672709521827E-02   1.2328672811606460E-02   6.7664006064681514E-03
         2        100   2.2487199610416765E-04   1.4097711901232018E-01   2.7646938924456153E-02   2.0849780199429738E-02
         2        101   1.7080853712751844E-05   4.0933167826395056E-02   6.8954291612205341E-03   6.7431787048429174E-03
         2        102   3.0516408064634598E-03   2.5668331871425110E-01   5.4725139154768176E-02   2.5365070697975885E-02
         2        103   1.4020591118543480E-03   9.0583626506826317E-02   2.4598227546089368E-02   1.3070498520280556E-02
         2        104   1.1706044616377229E-07   2.7785398070810759E-02   4.0966171832319879E-04   9.5348934070554371E-04
         2        105   4.1257243416833051E-05   3.3627541193401979E-02   7.7179647538106952E-03   6.6790145004694016E-03
         2        106   4.3581832344229159E-06   4.7003143754721963E-02   7.8241299994090581E-03   7.7763069165241302E-03
         2        107   4.0655287663178411E-04   4.5123650442700676E-02   8.4665338504550502E-03   3.9543413124103781E-03
         2        108   3.5468765166197181E-08   1.7328811441508996E-02   1.8801644320593731E-04   5.6221263250148313E-04
         2        109   2.0809154996524709E-05   9.6050396688817565E-03   1.4237044556403161E-03   6.1615275179411342E-04
         2        110   1.4930409402213118E-03   1.4588839745401083E-01   2.9064890552675377E-02   1.5310725295871287E-02
         2        111   2.3379974131234634E-07   3.8787619793405649E-02   8.3351709724857484E-04   1.6658097423217564E-03
         2        112   3.9559835466175774E-08   4.0219613733017889E-03   1.8502747587021792E-04   3.3128220770673811E-04
         2        113   1.1551859194053770E-04   2.2078651406483858E-02   2.8750389874422412E-03   1.4066653507150222E-03
         3          1   4.9825623198274271E-02   5.8443804431645585E-01   2.2905213062482030E-01   4.1211199024462734E-02
         3          2   4.6603005056555957E-05   5.8683635509403510E-02   5.9901696540495325E-03   3.6701610878878046E-03
         3          3   4.1761236729159268E-02   3.7631428576922943E-01   1.2329849845025866E-01   3.5164785159272842E-02
         3          4   2.2945586980043647E-01   1.1044887068956017E+00   4.7304309292749414E-01   9.2083650708580891E-02
         3          5   2.3460422678177224E-02   5.0313384776907533E-01   1.6487620429968508E-01   3.3873468574296468E-02
         3          6   0.0000000000000000E+00   1.3925569425074849E-02   4.7567534737540855E-06   2.2111813095046607E-04
         3          7   8.5491469862146053E-03   3.2482528818859885E-01   1.0301110915316830E-01   4.3503824390086120E-02
         3          8   4.2447633208990421E-03   1.4384287615139779E-01   4.4082235311962537E-02   2.0159926694222154E-02
         3          9   7.6982843409989565E-02   3.6864241366403483E-01   1.9612705340619413E-01   3.9318850980766581E-02
         3         10   2.1743979222766624E-01   1.6775083492287803E+00   7.4985825527570227E-01   1.9911681733631986E-01
         3         11   1.7068397155417716E-02   3.0035156066635149E-01   1.3516591287719673E-01   4.7614647533017668E-02
         3         12   1.1596065927548826E-01   2.1853959159198699E+00   8.0957436749084477E-01   2.7719837264619757E-01
         3         13   7.4763343506150950E-02   9.9620974477240332E-01   4.1798520495225011E-01   1.4416100990462569E-01
         3         14   5.4661671724143030E-04   4.6257508387178814E-01   1.3564839192964787E-01   7.2242743740622631E-02
         3         15   1.8865433894836378E-01   1.2365976336608271E+00   5.6380963089003810E-01   1.2403212251801479E-01
         3         16   1.9458480298575440E-01   8.9543211018109570E-01   4.0358431437432396E-01   8.0499169515511768E-02
         3         17   1.0504200400714561E-01   4.2053192106232962E-01   2.3184282689255684E-01   3.8225646029171882E-02
         3         18   9.5584561805927026E-01   3.7073354032353976E+00   2.1055330354255295E+00   3.7522637873979303E-01
         3         19   3.5839788179975157E-01   1.6743361250613380E+00   7.8975020948481900E-01   1.4357672794981530E-01
         3         20   1.6538400082651361E-01   8.1832676194849485E-01   4.5948010790200000E-01   1.0183257061207630E-01
         3         21   9.2394622273065441E-01   4.6775998641085446E+00   2.3730394527128857E+00   5.2381437708852674E-01
         3         22   4.1652196222782201E-01   1.9479050647861194E+00   1.0419459420871087E+00   2.0213491641031189E-01
         3         23   1.3530181705702138E-01   9.8583131710181804E-01   4.6896947027016073E-01   1.3463390199065162E-01
         3         24   3.7427971392372922E-01   2.0381597591062071E+00   8.9710871440279494E-01   1.9709915824645433E-01
         3         25   2.6276837270660354E-08   2.9094430353452361E-03   7.0008693382520953E-05   1.1673712686336505E-04
         3         26   2.6647341400985836E-01   1.8481117833916101E+00   9.7249619356821893E-01   2.6072679875772697E-01
         3         27   4.5461294935738455E-01   1.7336869734874574E+00   9.9474340660852967E-01   1.9446427074315131E-01
         3         28   2.6940798715938531E-04   2.4405095439163537E-02   1.2723251743344032E-02   2.9935273948319772E-03
         3         29   6.6051848368538668E-08   3.5212758380513774E-03   2.0908848465318056E-04   1.7463581689133916E-04
         3         30   0.0000000000000000E+00   1.5879514458368526E-05   9.0627050458283845E-08   6.1651056213982791E-07
         3         31   8.6170370783471617E-05   1.5520453295362573E-02   7.8909749130094894E-03   2.0580307920930433E-03
         3         32   0.0000000000000000E+00   1.0715469130325051E-02   3.8879942515510962E-05   1.9351952480276441E-04
         3         33   0.0000000000000000E+00   2.2734452264299102E-04   4.6824763173001944E-06   7.7496248358496527E-06
         3         34   0.0000000000000000E+00   1.8711591303535015E-03   5.1208925626064317E-05   7.2000486752754546E-05
         3         35   2.9071159358183465E-06   2.0540685372160979E-02   7.3793874351986847E-03   3.3286479440006451E-03
         3         36   1.7041488468385862E-05   1.0173850917528433E-02   3.6630882747321109E-03   1.1730063467593143E-03
         3         37   0.0000000000000000E+00   5.7641675906240095E-03   1.0253698815403095E-05   8.9100429726864171E-05
         3         38   0.0000000000000000E+00   2.2504131114876158E-04   1.8692030213697054E-06   7.3617984233094392E-06
         3         39   0.0000000000000000E+00   1.2577704591912602E-04   1.5571018804397711E-07   1.4599804572089647E-06
         3         40   0.0000000000000000E+00   2.4514140754030728E-05   4.1301061934125675E-07   7.8311921450881692E-07
         3         41   5.2408819761338716E-04   3.7232344965477858E-02   4.6856271230764157E-03   2.8273690051549144E-03
         3         42   8.8323273638064251E-04   2.8559388400538913E-02   1.0327877994446816E-02   2.6119598320259079E-03
         3         43   0.0000000000000000E+00   2.0903895703521322E-05   1.1916318079749404E-07   8.1132981641571680E-07
         3         44   0.0000000000000000E+00   6.2401564593341256E-04   9.3389019125536603E-06   2.0289907832543499E-05
         3         45   0.0000000000000000E+00   7.0866580119062208E-03   1.6354082036890752E-05   1.2009893992055790E-04
         3         46   0.0000000000000000E+00   8.7805132016420721E-05   4.4481842020245132E-07   1.5911012517378319E-06
         3         47   2.5171729516049282E-04   3.6067404401109948E-02   6.8516912164267446E-03   2.7441783573443194E-03
         3         48   2.2143241129867008E-08   7.7283250748164101E-04   3.8650701324352431E-05   3.3974251395044346E-05
         3         49   0.0000000000000000E+00   9.2218991870052671E-06   1.1309838076216019E-07   2.6706937249470570E-07
         3         50   2.2315377107596817E-05   1.3651204245527194E-02   1.8554814546809784E-03   1.0537444948019547E-03
         3         51   0.0000000000000000E+00   2.3728891845652771E-04   2.0649777783541595E-06   1.0552351467048124E-05
         3         52   3.7280470532981450E-05   2.0893383551911688E-02   6.5362362205730658E-03   3.0257423631785845E-03
         3         53   2.0984456792678427E-09   1.7403366309642831E-03   6.1870348331854086E-05   7.6975869787377770E-05
         3         54   3.3798358842561458E-08   7.3702785658895224E-04   2.6031548859797864E-05   2.7356730156590456E-05
         3         55   0.0000000000000000E+00   4.6562654201919910E-05   4.5425008025651345E-07   1.9548597714593544E-06
         3         56   0.0000000000000000E+00   1.8173620013491860E-07   3.9655332747869847E-10   3.8779801816007126E-09
         3         57   5.5395747929680423E-05   1.0819705724937663E-02   3.5007571958927844E-03   1.1011305953625456E-03
         3         58   0.0000000000000000E+00   1.6653060281323800E-03   9.5667741492786329E-07   2.3956236213096950E-05
         3         59   2.4959663638653329E-12   5.5452985172877096E-04   2.8016940287738223E-06   2.6671792251417891E-05
         3         60   0.0000000000000000E+00   1.3853827041787935E-05   8.6051062942417189E-08   4.3719206342130035E-07
         3         61   4.7722042668644204E-12   4.1732557924538315E-05   7.7489742610386007E-07   1.5786416315973731E-06
         3         62   0.0000000000000000E+00   3.7160898895529863E-08   4.6144122854778301E-11   5.5930741078549893E-10
         3         63   0.0000000000000000E+00   6.3834066261194264E-06   3.9058610909943092E-09   6.8326517096179898E-08
         3         64   0.0000000000000000E+00   1.4070914876092947E-06   9.3907534803883057E-09   3.5739884069120969E-08
         3         65   2.3368152864828364E-05   9.5038767195838175E-03   9.1687345708252722E-04   6.4779832666783937E-04
         3         66   0.0000000000000000E+00   4.9471843458303560E-03   4.2063606048125218E-05   1.2404955916421202E-04
         3         67   1.8907073174924483E-09   2.0557841999859644E-04   4.3713092895640851E-06   7.2505791528306279E-06
         3         68   0.0000000000000000E+00   2.4363662569569292E-06   6.4424448402037011E-09   5.0133589285546118E-08
         3         69   0.0000000000000000E+00   1.2571728167994376E-06   3.9529019500606274E-09   3.3328423607317480E-08
         3         70   2.3001543538985136E-08   8.2316055840825318E-03   1.8901844836738181E-03   1.1138965037517663E-03
         3         71   8.7645972545286876E-14   1.0733818005993118E-04   7.8242784911530652E-07   5.3348507930367444E-06
         3         72   0.0000000000000000E+00   1.3663059326153191E-09   1.8096109707871136E-12   2.4904316150211446E-11
         3         73   0.0000000000000000E+00   2.3920228102817320E-07   3.4788325766416188E-10   3.4605778012125010E-09
         3         74   0.0000000000000000E+00   6.1989946511075713E-07   1.4999025592381811E-09   1.2667611262692462E-08
         3         75   6.8538444986626820E-10   4.0221074223856573E-03   8.1000917543226441E-04   4.9064225948273934E-04
         3         76   6.0377411152912395E-09   9.1595751363654954E-04   1.7796830552823723E-04   8.1249966016913889E-05
         3         77   3.5024705882276139E-15   7.2865049807465404E-05   3.1402943064905531E-07   3.3524910100193182E-06
         3         78   0.0000000000000000E+00   4.8041373907941755E-07   1.9998029481212430E-09   1.4002530567097520E-08
         3         79   0.0000000000000000E+00   4.3247538252278628E-08   1.0259393073977580E-10   9.4068807754337606E-10
         3         80   4.2729263016259377E-07   2.0847085223138144E-03   1.7869789036527181E-04   1.5461038699811773E-04
         3         81   2.0018901904879402E-08   1.0049103948679727E-03   3.7392124338534698E-05   3.8071767824208052E-05
         3         82   0.0000000000000000E+00   4.7431167236156829E-09   8.3560095372623453E-12   1.0565004430017470E-10
         3         83   0.0000000000000000E+00   6.4345725640088229E-07   1.7985917994931472E-09   1.6236263281013413E-08
         3         84   0.0000000000000000E+00   5.0708160391247409E-06   1.2060181133221830E-08   9.1331361013949771E-08
         3         85   3.1674839382458182E-11   2.2149260657209490E-03   3.2773778171294360E-04   2.5238888657581307E-04
         3         86   0.0000000000000000E+00   5.4283628857783245E-05   1.7901030951917221E-08   8.7811866809996616E-07
         3         87   7.6789717587213411E-19   3.0662388484578229E-06   3.6371910151185939E-08   1.2744508534050066E-07
         3         88   0.0000000000000000E+00   5.0157160522922330E-09   3.6503114095687119E-12   8.0127920625064820E-11
         3         89   5.9550534255689599E-10   2.7661295151576969E-04   3.1872802956487808E-05   2.1920448973422974E-05
         3         90   0.0000000000000000E+00   2.3362575292993189E-08   1.4364227441295625E-11   3.5395114633690004E-10
         3         91   1.2915896023814033E-19   2.3946395521715265E-06   1.0348095815473972E-08   9.1283531330486135E-08
         3         92   0.0000000000000000E+00   1.8977599024336467E-07   2.2649776903239856E-10   3.5592182289386353E-09
         3         93   1.9958321122463044E-18   1.0540308452988673E-05   2.2527487196748253E-07   3.5651759602047001E-07
         3         94   0.0000000000000000E+00   2.1051655483054480E-08   1.1544132061225727E-11   2.9873372005836389E-10
         3         95   1.9002309623259773E-13   7.4416301493595324E-04   8.5697803464748472E-05   6.5335954036419456E-05
         3         96   0.0000000000000000E+00   1.7547400681116947E-05   4.3139472838400651E-09   2.3723444635102135E-07
         3         97   1.5323327123247642E-16   2.2089106100979252E-07   4.6454582171903099E-10   3.4049904086310999E-09
         3         98   9.7449256872564553E-21   1.5056620652395193E-06   4.6759710428005308E-09   5.6874099913345501E-08
         3         99   0.0000000000000000E+00   2.8074307215613861E-09   4.7074671870701621E-12   6.6902378777182300E-11
         3        100   1.1379595085920228E-21   1.3040642213824692E-08   3.0234477498706721E-11   2.5024915223107183E-10
         3        101   1.5687157283234473E-10   4.3212628154315675E-04   1.6251201086963549E-05   2.0635346441247050E-05
         3        102   3.9402299895997586E-10   1.4908742112241166E-04   1.6780136751359140E-05   1.2746499873409995E-05
         3        103   0.0000000000000000E+00   6.0235904835269009E-05   2.9479497207606847E-08   9.5388608190658709E-07
         3        104   1.4410237055715196E-12   7.1219900806262587E-05   3.4218196233467948E-07   9.6653163599535801E-07
         3        105   0.0000000000000000E+00   1.7093236862781945E-08   7.6360517900072602E-12   2.2145086390121279E-10
         3        106   6.3122998096097399E-04   5.9543169141130829E-02   6.2270139259020781E-03   4.4879799704415253E-03
         3        107   2.5177507070679871E-05   2.4777164914538578E-02   2.8048076732925392E-03   2.7422876407834393E-03
         3        108   8.0850318618788265E-03   2.4868290119428688E-01   9.6953322351420956E-02   2.3500624794448900E-02
         3        109   1.7963774052760562E-05   6.3029955765453560E-02   3.6306661523850636E-03   3.7406929123187634E-03
         3        110   6.4550040683249879E-06   1.2851667207516524E-02   1.2203683995939798E-03   1.2968624171052741E-03
         3        111   0.0000000000000000E+00   1.3237726514215577E-03   3.4136876977540893E-05   8.1783349154590791E-05
         3        112   4.5303933600367509E-05   1.6393316325940849E-02   1.6442294092956413E-03   1.0379777970750876E-03
         3        113   5.8198081414072955E-02   4.0942930654498688E-01   1.4424289983388888E-01   4.2664259795542329E-02
         3        114   7.3477167827326790E-04   1.7662407492919902E-01   3.1599386197878117E-02   2.1776438157658812E-02
         3        115   2.2336002634925221E-02   5.0487414387049656E-01   1.2628588337390909E-01   4.8114189629165381E-02
         3        116   1.5478649036342672E-03   1.5137859345162283E-01   1.9803172610928038E-02   7.6895675421080603E-03
         3        117   8.4132559060894814E-05   6.6823861470562171E-02   7.3940480415996667E-03   7.3210205554813841E-03
         3        118   7.1989997706471279E-03   1.4494243978085730E-01   4.6683579599149261E-02   1.5796802196620583E-02
         3        119   0.0000000000000000E+00   4.8464408663609574E-03   1.9965012279416603E-04   3.9572018383383369E-04
         3        120   1.2910224062828932E-04   4.9763454850224847E-02   6.0390215694069542E-03   3.9427214629888362E-03
         3        121   9.1838436735040894E-04   6.4354612639225192E-02   1.0442920645550559E-02   5.4943897022105169E-03
         3        122   0.0000000000000000E+00   6.0513293873205051E-04   1.3749554845757402E-05   3.8303665424374276E-05
         3        123   1.3073083419966196E-06   7.3747955900356470E-03   2.8430303165477696E-04   3.2613924711657989E-04
         3        124   4.2955334075660309E-02   2.4882253562965242E-01   9.5067981735163704E-02   2.5543290755648342E-02
         3        125   2.1663532847321285E-05   4.2569185096939292E-02   3.7506815958972938E-03   4.5237938872773669E-03
         3        126   4.3677461662389019E-07   5.3485071008468749E-03   3.9432303706943219E-04   5.7942799774435532E-04
         3        127   6.5950941719592368E-06   7.4147180132074809E-03   5.4601505002388950E-04   4.0982038719545287E-04
         3        128   7.4804277828935319E-04   4.8340560345448945E-02   1.0802590335896756E-02   4.2045862609565825E-03
         3        129   1.1695972027146677E-07   3.1337275077493285E-03   1.6775693173329333E-04   2.5730810717131927E-04
         3        130   7.8402408038186856E-05   9.5964488104545442E-03   1.2464696012041158E-03   6.5913437977256444E-04
         3        131   0.0000000000000000E+00   1.6302142748512045E-04   2.5952463472238876E-06   9.1364139617124517E-06
         3        132   8.6321913621711766E-08   2.8803116219589683E-03   6.4397258412427511E-05   9.1293299434446647E-05
         3        133   1.5264199845500102E-06   1.9653923706031008E-02   1.1453344522127562E-03   2.0043826973181258E-03
         3        134   0.0000000000000000E+00   6.6640451467022722E-04   1.5757087178512746E-05   4.7267430256524853E-05
         4          1   8.7892092261257437E-02   8.1345816394220105E-01   3.9555890413023231E-01   1.0072850459611646E-01
         4          2   1.8473547466396997E-02   3.9478078040823206E-01   1.3462234188342057E-01   4.2511119049533058E-02
         4          3   2.1942940871179282E-03   4.1299649215602408E-01   1.0754226766064601E-01   3.9502665009380968E-02
         4          4   1.1991343741104191E-10   5.8273378458477416E-02   1.7693517635814990E-02   8.2400238467166126E-03
         4          5   5.2127021611297827E-02   2.7786946851212030E-01   1.6041341267377476E-01   3.5425404802215094E-02
         4          6   7.2696043746002656E-03   1.5678870690383123E-01   5.2314130709674778E-02   2.3345101183361850E-02
         4          7   1.4455086685991367E-07   9.6352012048761468E-02   4.4919086849434832E-02   1.4450780815566975E-02
         4          8   5.7527637906788186E-03   1.3362843427634030E-01   4.5656670324540030E-02   2.1412817058378431E-02
         4          9   1.9268056518921789E-01   1.5399762358140439E+00   6.2001846719293163E-01   1.7316127571823273E-01
         4         10   1.8908184049679505E-01   8.5776773988379362E-01   4.3706357679057234E-01   8.8957101626430113E-02
         4         11   4.6577459106756036E-02   4.0890524624275443E-01   1.7207789473014967E-01   4.4072493123624969E-02
         4         12   4.5416454503052012E-02   3.5320554875177185E-01   1.7034392249987168E-01   4.0396350063407978E-02
         4         13   3.9523743697126618E-01   1.5424746146627384E+00   8.8244804644601993E-01   1.5145041502900383E-01
         4         14   6.9590042301323818E-02   7.5119042517539736E-01   3.4606192079852977E-01   8.8966660067459666E-02
         4         15   3.8609675938768240E-02   4.1581262615026793E-01   1.7873422285763005E-01   4.8081944880546929E-02
         4         16   7.4914526753995209E-02   6.6194995385434507E-01   2.8842540655584781E-01   7.4054711353857924E-02
         4         17   4.6317619781983267E-14   7.2110716920268281E-04   5.9796285601458986E-06   2.0033005814120130E-05
         4         18   2.9095191632048791E-02   6.0272251558328838E-01   2.8667609194012350E-01   6.9064944418885388E-02
         4         19   4.4293142708485916E-01   2.0070522040394558E+00   1.0184047545569186E+00   2.1648643121591871E-01
         4         20   1.7269569087076259E-01   8.1689886427956970E-01   4.2482572649874567E-01   8.7415513992693150E-02
         4         21   6.5176579191377398E-02   4.5008745255322996E-01   1.9807104849235457E-01   4.8796014579495839E-02
         4         22   2.2226947280225320E-01   8.5317217599827144E-01   4.4437652307747988E-01   7.6312340628453934E-02
         4         23   2.5287347116297032E-01   1.5688377384132006E+00   7.7742140924449343E-01   1.7434333111151848E-01
         4         24   1.0148687384972231E-01   8.1942180916527929E-01   3.6350417760296977E-01   9.4507402345163027E-02
         4         25   2.9158040836368856E-04   4.9530643210965009E-01   6.6140760265248899E-02   8.3403004792174898E-02
         4         26   8.2781421623825324E-08   3.2850258094856678E-02   3.0928985726154791E-04   6.0529285123179968E-04
         4         27   3.1941314959922141E-12   2.1595261480007915E-03   1.1631253533793280E-04   1.1943424679953247E-04
         4         28   4.2134835847886518E-07   2.7161557994026223E-03   4.1638563454422784E-04   2.1362115529714859E-04
         4         29   3.9728933014444949E-08   1.2836752683060230E-03   7.5317249194499045E-05   7.8171749431604577E-05
         4         30   0.0000000000000000E+00   3.0684878068215128E-04   6.7676770117275727E-06   1.0206068793922390E-05
         4         31   4.0845879022785502E-05   3.0188417162449122E-02   3.8517384817906876E-03   2.5323185927460202E-03
         4         32   1.2136938277296491E-08   2.0044349175123870E-02   5.1775232948860850E-04   1.5857162058669613E-03
         4         33   3.4216448322796171E-07   8.2853131429657650E-03   8.3359204409717651E-04   7.3446285196636103E-04
         4         34   6.1803293741873579E-14   1.0506662354115577E-03   1.2021238129519862E-05   3.4701743239258216E-05
         4         35   4.0375654772076910E-08   3.0025493022674621E-03   4.9295946106654292E-05   9.5136557308040583E-05
         4         36   3.2331756452560436E-09   4.5491164204150515E-04   1.4337912356075673E-05   2.7874893709954567E-05
         4         37   0.0000000000000000E+00   1.4193011763117771E-05   7.0407194592415855E-08   2.7560393468219630E-07
         4         38   0.0000000000000000E+00   1.1902709403784420E-04   8.1852990350640207E-07   1.8204698188839026E-06
         4         39   1.0291845615598660E-05   4.0275811776158500E-02   2.4082363474197234E-03   2.5389345768920615E-03
         4         40   1.4058774729397137E-09   1.6756124143290734E-02   2.5522087109433253E-03   1.6665589624559639E-03
         4         41   1.3546573917573422E-06   3.4754572144559522E-02   1.5122436234807431E-03   2.1781477887184999E-03
         4         42   3.9715415350928310E-08   8.4807375973793772E-03   1.7205243436191223E-03   8.4277119810859775E-04
         4         43   6.9308660133478773E-10   4.3111282351464214E-03   2.7248278156638073E-04   2.7518000550284853E-04
         4         44   4.3901515036181476E-06   8.6849213445558595E-03   3.5808087760490900E-03   1.3666459618527432E-03
         4         45   0.0000000000000000E+00   1.9432426757253071E-04   1.8343161113145398E-06   6.1418542050493374E-06
         4         46   0.0000000000000000E+00   1.0056685788093654E-03   2.5505966216131922E-05   3.6505904076425652E-05
         4         47   0.0000000000000000E+00   8.2349741132552742E-04   1.5479375275708087E-05   3.2538142178058490E-05
         4         48   6.7127348687326747E-09   6.9714708141641339E-04   3.3033597426808762E-05   3.4321622946957086E-05
         4         49   6.8945577286943388E-12   1.1544644181988831E-03   5.6909480126761738E-06   3.8528247899596373E-05
         4         50   9.8692483279088460E-15   2.1830456542696873E-04   4.5176551077705085E-06   7.4124244181814309E-06
         4         51   1.9512365026518701E-13   8.0276947140841604E-04   1.6896876396501830E-05   3.3824066181386895E-05
         4         52   2.1481870808091082E-08   3.5890227248840927E-03   4.5540314603182828E-05   7.9899248124597286E-05
         4         53   0.0000000000000000E+00   7.6139642803409361E-05   6.3947777776008389E-07   1.8740074410274930E-06
         4         54   1.6132226066622425E-11   7.3333525679395242E-04   6.6937603486279707E-06   2.4060371746614208E-05
         4         55   2.2103669237954489E-10   2.1774664305327163E-04   7.6480587169072691E-06   7.5198319349025462E-06
         4         56   0.0000000000000000E+00   5.2151014345411814E-06   1.2072247286672924E-08   8.5339771357182820E-08
         4         57   1.9703105604126073E-07   2.0513738329076093E-02   5.1875108596591063E-04   1.0720856899688529E-03
         4         58   1.2904147851565285E-10   8.1313003171899160E-03   1.5017452768667801E-04   5.6935077173677815E-04
         4         59   3.5953923038888745E-10   6.8927489567894532E-04   3.7125314195466460E-06   1.2339466864664514E-05
         4         60   1.2144287870884459E-11   6.6725912685060661E-05   8.4547468553949070E-07   2.1493335295675026E-06
         4         61   1.5867654254285173E-07   1.1413256916720436E-02   3.0215282885826596E-04   5.8181929979492198E-04
         4         62   9.0055593621922341E-10   1.1812855784173100E-02   1.4021115876083337E-04   4.9262381159863864E-04
         4         63   1.2193739500524138E-08   2.7687543497096202E-03   7.9060768454976537E-05   1.4977819104363148E-04
         4         64   1.3058051367869012E-10   1.4975777762466528E-03   2.2565851105542805E-05   6.1494448691331408E-05
         4         65   1.0477993864864520E-14   1.5370162495416292E-04   1.1939749021617070E-06   4.8387823875009021E-06
         4         66   0.0000000000000000E+00   5.6715192754676786E-07   9.5218489461662009E-10   1.0574655042460471E-08
         4         67   4.8257911500527153E-15   1.2346893558856640E-04   6.3803345113830955E-07   2.9801813722794625E-06
         4         68   5.4563296252214522E-13   2.3758616041911567E-05   7.4051260777716060E-07   6.5265332664815999E-07
         4         69   3.1217439285273152E-13   2.8365035461492562E-03   4.3153484200850230E-05   1.8267920727991867E-04
         4         70   1.6671093295161359E-11   5.7533718336242104E-04   2.3171793656042852E-05   4.8409013593243478E-05
         4         71   1.8382972652851104E-16   5.9735104827116446E-05   1.1042149293956269E-07   1.5231192963363269E-06
         4         72   8.2556652453889906E-20   3.0758725423317868E-06   1.4264360543806672E-08   5.8990204025892242E-08
         4         73   7.7301472174038328E-15   7.0952641002459566E-06   2.7980738123637998E-08   1.0901653253056635E-07
         4         74   0.0000000000000000E+00   1.6445565108620548E-08   1.1666678718764076E-11   2.2528484917143251E-10
         4         75   0.0000000000000000E+00   4.3135761240837977E-07   2.3385671065083768E-10   5.0432141702532002E-09
         4         76   6.9821065612754151E-10   4.1983866441468228E-03   3.6693418995810035E-05   1.2781542767816172E-04
         4         77   3.7890035098553576E-14   1.0568618195657064E-03   2.1954904165002980E-05   2.9176508335397562E-05
         4         78   0.0000000000000000E+00   3.4180718361324614E-06   8.9080683150067435E-09   6.5958165972339339E-08
         4         79   0.0000000000000000E+00   2.7115841824657572E-06   8.5074188555505805E-09   5.0143793260541438E-08
         4         80   3.2616583157434050E-16   4.8706383197440987E-05   2.6199410565758680E-08   4.3146342694371785E-07
         4         81   2.3810421164451875E-16   2.4297025249696745E-06   2.3911330869578564E-07   1.9130768908991299E-07
         4         82   0.0000000000000000E+00   1.1087838094931616E-08   5.0653319834633155E-12   1.3410267192729325E-10
         4         83   0.0000000000000000E+00   3.4969275892599017E-09   3.3715129877210557E-12   4.9507540876637335E-11
         4         84   6.8771625249770768E-13   3.3211495918529196E-04   2.7353190721558634E-06   1.0379477663368538E-05
         4         85   0.0000000000000000E+00   1.9123348406240426E-08   1.2949206867401031E-11   3.0567713691866883E-10
         4         86   0.0000000000000000E+00   7.2100338478934685E-09   9.8051472739433064E-12   1.2611342391705010E-10
         4         87   2.2730075683241401E-16   8.1565287286702783E-04   1.1843173507733275E-05   5.3559314268742032E-05
         4         88   1.8274572975592638E-14   1.1795339325803131E-04   2.1221162963852693E-06   6.4654103103691423E-06
         4         89   6.5760030513903821E-17   2.3306930743611906E-05   7.4484996964117951E-09   2.2276747474637316E-07
         4         90   4.5538131498457624E-22   3.5958350329818081E-06   8.2317387546949671E-09   5.9050425896726937E-08
         4         91   2.3587002100270256E-17   3.1435640844687823E-07   1.5754781324914699E-08   1.6097096237130876E-08
         4         92   0.0000000000000000E+00   4.7384167712205664E-09   1.5431760474712596E-12   4.6571174271499754E-11
         4         93   0.0000000000000000E+00   1.3828047789824740E-09   9.8996186035096883E-13   1.8850104882721897E-11
         4         94   1.8314929669855702E-14   2.2177983797054741E-03   6.5997132130288356E-06   3.9559143275127004E-05
         4         95   2.3566172511137890E-19   7.8323517365507371E-05   1.9986738753284971E-07   7.7515295906082707E-07
         4         96   0.0000000000000000E+00   1.4094547819779425E-08   9.4270509314089772E-12   2.1968073310484637E-10
         4         97   0.0000000000000000E+00   6.2675300404970623E-09   7.4235961465732219E-12   9.6876678463674025E-11
         4         98   2.5664454519882342E-18   4.2993959632681112E-04   5.1485685949530928E-06   2.4193657844924175E-05
         4         99   5.3513868808063481E-27   1.5827636197517603E-07   8.8548021198525410E-11   1.6778698107605832E-09
         4        100   4.8743592121618186E-18   6.1015986876468860E-06   1.7680389403704967E-09   7.5078951846166712E-08
         4        101   2.9909163806453710E-23   1.6405932323564427E-06   1.4209928208032300E-09   2.8535754890077139E-08
         4        102   1.4136182347299488E-26   1.2608113873501846E-08   2.0306694120082708E-11   2.0326705553437992E-10
         4        103   6.9245034194208311E-21   9.4305809692570910E-08   1.3021362410923404E-10   8.3363470984309277E-10
         4        104   1.6642815337025853E-14   1.1506360261332486E-03   2.1097496747305213E-06   1.5332842026700699E-05
         4        105   1.9396272421493663E-13   1.8099470536007232E-04   6.2355795136886780E-07   3.6489952257143106E-06
         4        106   1.0567860913301730E-16   6.2135722598346733E-05   2.7844806328267535E-07   1.4330735963802803E-06
         4        107   2.3664391003805426E-21   8.2320806421484834E-06   4.4853093378457629E-07   4.8968909379421322E-07
         4        108   0.0000000000000000E+00   7.9583969698541752E-09   5.1490969788026198E-12   1.1916319653414908E-10
         4        109   0.0000000000000000E+00   4.8149157949872583E-09   4.4161882616463615E-12   6.2948722501307471E-11
         4        110   1.1481551471834646E-02   2.2285347525721602E-01   6.5782084833551163E-02   2.4223106582157539E-02
         4        111   3.4409612804049811E-03   2.2305691626888405E-01   3.0796732612138732E-02   1.7061816543512735E-02
         4        112   6.1419959178645269E-04   4.7636925110841645E-02   9.2570888760252733E-03   4.2293057853402061E-03
         4        113   8.9574318373688796E-04   5.8982717835848027E-02   1.3037526534692208E-02   6.8766321183458372E-03
         4        114   2.4031439371393609E-04   3.2795466514072724E-02   4.7860478412903480E-03   2.6127202740964988E-03
         4        115   1.6073510309913167E-02   9.1956926462586297E-01   1.5888445999372275E-01   7.5739089685588581E-02
         4        116   8.9133459514004129E-03   6.4339998511049667E-01   9.4008662149733857E-02   5.2424790182192697E-02
         4        117   6.3706583291099801E-04   2.9728014993826485E-01   2.6822159755571673E-02   2.3736266469124641E-02
         4        118   5.4680244479616046E-03   1.1399301810850153E-01   3.4471094537212331E-02   1.2450599963161385E-02
         4        119   1.1668153187962954E-04   3.2635284453798263E-02   3.6334523536913394E-03   2.7409966360899584E-03
         4        120   1.6898996493702018E-04   2.3893056874264681E-02   4.5567576047666021E-03   2.1927929116405836E-03
         4        121   2.8740145518339326E-04   2.7779374139426938E-02   5.1134966103519915E-03   3.3671283477327658E-03
         4        122   2.1226425856890479E-02   4.6034416857375327E-01   1.2471365979383968E-01   4.3591958818700198E-02
         4        123   1.9968374689152114E-03   1.0723603016240865E-01   2.3262449195235044E-02   8.3828967038466571E-03
         4        124   1.0686290729473774E-02   1.4033982679676013E-01   4.6021039667098813E-02   1.3481614945248615E-02
         4        125   5.7968848160043051E-04   6.1541935902850571E-02   1.0131435079743364E-02   5.3142338917388943E-03
         4        126   4.0438661319841141E-05   4.4469929874748300E-02   4.9926221403505146E-03   4.1295686734962424E-03
         4        127   3.7121939523606977E-05   3.1574120121062199E-02   3.2889818555717439E-03   2.7366941303726177E-03
         4        128   4.0942529334431304E-05   2.6666792526953677E-02   2.7577123315364258E-03   2.3151085303969037E-03
         4        129   3.5980307588616908E-05   2.0570031388927084E-02   1.7379564808015383E-03   1.1940795350420801E-03
         4        130   7.3134884777003749E-07   5.4487576252112424E-03   2.8858059001012136E-04   3.4095317174528668E-04
         4        131   3.5227555075086668E-03   1.6156445609214998E-01   3.6643521509571349E-02   1.4929737327794767E-02
         4        132   5.2606169689058643E-06   1.2456144801521128E-02   9.5263835687041105E-04   9.8879622341412586E-04
         4        133   1.1624648883607341E-04   2.8298452900713148E-02   2.2554652950804903E-03   1.8361337489158109E-03
         4        134   9.9145194003950420E-09   1.0235611223238159E-03   3.2266668069398046E-05   3.7836581058248881E-05
         4        135   2.3697497399362031E-04   2.3536692735313152E-02   4.3346934036179400E-03   2.0312009278378815E-03
         4        136   2.8320195232666700E-08   2.4746107362479232E-03   1.2327128264624784E-04   1.6571166411511633E-04
